16.6683502
15.888423
16.6612568
14.8665905
14.712513
13.7179193
12.2278032
15.0966644
17.2169209
14.3173332
14.9276848
14.7784348
15.1215496
14.9737892
14.0724182
13.9249563
13.2561626
13.1797199
15.2548847
15.52701
13.5353203
15.1162148
12.3295784
14.4845247
15.3882504
14.4119263
14.3401623
14.1292515
13.7012596
11.4088955
13.4160223
12.5357809
13.3466425
15.9662666
12.3887062
15.8979893
12.3163757
12.9933062
12.2448502
16.1735115
13.7474537
16.1058903
11.8344727
14.9691401
12.6353502
11.759758
14.9002972
12.5660601
11.6859379
14.8321991
11.6128922
11.5406809
13.7779417
14.6981478
10.614336
10.9512215
13.6384373
18.404871
10.8749275
13.5698318
17.2964935
14.2490864
13.5019121
14.1796474
14.1109524
10.3176537
10.651082
11.7877121
14.0430031
17.4472332
13.0640268
12.9932461
12.9232407
13.8435068
12.7855244
12.717783
12.5844479
18.0410748
12.2813883
12.2106972
12.1408405
15.4210329
12.0716991
15.3564215
11.1887455
14.3421593
12.0033922
15.2924652
11.115819
14.2749844
11.93577
11.0436678
11.3797779
14.2085257
11.3075676
11.8027325
11.2362499
14.0777225
14.75665
14.0134096
16.4040928
13.9497223
14.6257286
10.2258921
11.0269785
14.5612955
10.1522207
13.8244038
13.5510263
10.0793543
15.1771307
13.4840307
10.0072918
10.8245611
15.1126089
13.4177208
9.93609428
14.3721399
15.0488319
13.3521557
12.428194
15.3895617
14.9856806
9.79602337
13.2872763
12.3591127
15.3257256
9.34582901
14.9232149
13.2231417
12.2908058
12.6281376
15.2625446
12.2232437
12.5597715
9.52950096
13.0968685
12.1563969
12.4921799
9.45502472
15.1381788
14.4457521
12.4253635
12.0249987
14.3807526
9.30854702
12.3592319
15.0164366
11.9603271
14.3164692
12.2938747
11.8964014
14.2528715
12.2291746
11.6440659
13.2372971
11.8331318
14.1899586
12.1652489
17.7241268
11.5751028
13.1711063
12.1019478
14.1276722
11.5069447
13.1056604
13.44347
14.0661001
16.5348053
11.4395027
13.0409002
13.3779345
16.4733238
12.9768553
13.3132038
11.3068819
12.9135246
12.3117266
13.2490997
10.7372999
11.241704
12.8508511
12.2442245
13.1857395
10.6669064
11.1771822
12.1774969
13.123065
10.5972881
12.111515
13.061017
10.5284748
16.9166927
12.6668215
12.0462179
10.4604359
15.7927275
16.8570576
11.9816961
9.57831764
15.7308874
16.7980194
9.50637436
15.669733
9.43526649
11.8546782
15.6091747
9.86734009
11.4614668
11.5253925
9.95936966
11.4580393
9.22673988
10.0677605
11.6693077
14.7743521
9.88903618
11.3914604
9.81956673
14.7121248
11.3255978
9.0916748
9.75084305
14.6505537
10.4166565
11.2605095
9.68289375
14.5896378
8.87885666
10.3470984
11.1961069
9.61568928
8.80613899
14.5294075
10.2783442
11.1324196
13.825119
8.73425579
10.2103949
14.4697428
13.7617588
8.66320705
10.1432209
14.4107637
10.8093624
11.0071297
13.6991138
10.0767612
14.0376987
10.7413826
9.3544426
13.6371555
10.0111065
13.9750538
17.1844654
10.6741791
7.74332905
9.94613743
13.5758514
13.9130058
10.6077194
13.5151749
10.5420351
13.8516426
12.8191414
9.63801193
10.477066
13.7909946
17.0093479
12.7553043
13.3958454
9.56860161
10.4128122
8.10933113
13.7309437
9.6934433
12.6922131
9.49996758
13.3371058
8.03667259
10.3492441
13.6715469
9.43210697
12.629777
7.96481991
17.2373657
9.36502266
12.5680561
11.6143227
13.2215023
13.5546627
12.5069618
11.5492935
13.1645794
8.48224735
16.3748569
13.4971142
9.2331171
8.4112587
11.4849806
12.4465523
8.74224281
16.3161449
9.16826725
8.34107399
11.4214125
12.3868284
8.67125416
15.182972
16.2580605
12.0906534
8.27172375
8.60109901
11.3585291
12.3277006
15.1227713
16.200573
12.0263395
8.20320892
8.53171921
11.2963018
12.2692289
15.0631371
11.9627113
16.1436501
15.403718
8.46320343
11.2347898
15.0041876
11.8997993
8.39546299
15.3441133
11.1739635
12.1541023
14.9458647
11.8375416
10.892272
15.2850742
11.1137924
11.776
14.8881073
10.8266468
11.0542774
15.2266922
14.1607227
7.78391933
11.7151442
14.8309765
10.7617674
15.1689053
14.1001043
7.71218538
11.6549129
10.6976032
10.9371548
7.64119625
14.0401726
11.5953979
10.6341839
7.57113075
15.0551796
13.9808655
10.5714502
7.50181103
13.9221849
11.4781857
10.5094614
13.8641596
10.4480982
8.14127922
13.8067303
10.3874502
10.1730528
6.9070158
13.749897
13.4207306
10.1068316
6.83355331
13.6936607
13.3596954
10.0413265
6.76089525
6.6891613
13.2993164
9.97659588
13.5829449
10.1513863
9.91261005
13.2395926
16.8144703
12.1963921
8.99642754
13.5284662
9.84930992
13.1805239
12.1342239
8.92877579
9.78678513
13.1221409
8.86189938
12.0728016
9.72491455
9.19237709
13.0643253
8.79579735
12.012064
9.66373062
9.12547112
13.0071344
10.5750561
8.73044109
11.9519529
9.05937004
12.9505396
12.6214924
8.66580009
9.54341888
8.99404335
11.8925276
16.5358181
15.7744589
12.8945713
12.5606651
8.60199356
9.48429108
8.92943192
11.8337574
15.7172976
12.5005245
8.86559486
11.7755833
8.02651024
15.6607924
12.4410391
8.8024435
16.0018806
11.7180643
7.95811415
15.6048241
11.4020109
12.3821793
8.7400074
7.89055252
11.6611719
15.9452553
11.3400822
15.5494509
12.3240051
7.82376528
15.889287
11.2788382
15.4946442
12.266427
7.75772333
14.7397223
15.8338842
11.2182798
7.69248581
12.2094746
10.2607012
14.6822929
16.5169239
15.7790184
11.1583767
12.1531191
10.196805
11.439621
14.6254902
15.7246885
7.13431835
11.0991592
12.0974178
10.1336536
10.4657412
14.5692825
7.0643425
10.0014505
11.0405684
12.0423136
10.071188
10.4025898
14.5136719
6.99520111
16.3503284
7.32272863
10.9826927
10.0094976
10.3401241
6.92686462
7.25358725
16.2959404
10.9253521
11.933774
9.94843292
10.2783737
6.85930252
7.18525028
10.8686981
16.2420864
9.8880825
6.79257488
10.2173386
7.11774826
13.9905815
14.3502655
10.8126402
9.82841873
6.72662258
10.1569595
7.05102062
13.9328241
14.296979
6.98509789
10.0972948
15.7033806
13.8756638
10.7023125
9.71105671
9.47383022
6.9198904
10.0382862
7.3988142
15.6475906
13.819128
10.6480417
12.7460365
9.41008377
6.85548782
16.7632408
9.97993374
13.7631893
15.5923367
9.59625816
12.6872959
9.34708118
9.92220688
14.4381819
13.7078466
15.5377092
6.72891712
9.28482437
12.6292114
9.86513519
16.6580086
12.9648743
14.3815575
13.6530695
6.66666031
9.22322273
12.5718117
9.80865955
12.9067898
14.3255291
7.80797005
9.42876911
13.5989189
15.4300632
9.16236687
12.5149784
11.0862255
12.8493309
14.2701263
13.5453043
9.10219574
15.3771038
8.55433941
9.69761658
12.4587717
12.7924681
14.9475937
14.2152901
9.04268074
13.4922867
8.48919106
12.4031906
12.7362309
14.8914452
14.1610508
13.4397745
8.42484856
12.348175
12.0044947
12.6806202
8.92564678
14.8359537
8.36122036
14.107317
12.2937565
11.9453669
12.6255751
8.86815834
8.2983675
13.6873426
14.7810278
14.0542088
12.2399035
11.8868647
12.5711555
8.23622894
13.6303902
14.7266684
13.2855473
14.0016375
7.38331699
12.186676
11.8290186
12.5172729
8.17480659
13.5740337
14.6728754
7.31673813
13.9496326
12.1339855
10.7793512
11.7718582
8.11406994
12.4639874
7.2509346
13.5182743
14.619648
12.0818319
10.7190905
8.05401802
11.7152634
12.4112968
7.18587637
10.2941399
13.4631691
14.566988
7.99468136
10.6595755
11.6593246
12.3590832
7.12162256
10.9917822
13.4086313
7.77408504
11.9792223
10.6006861
11.603981
7.05811405
12.6597881
10.9322071
7.70911598
13.3546295
14.4632759
10.5424519
6.99532032
11.5492048
12.602478
10.8733177
7.64486217
13.3012238
6.93327188
10.4848747
11.4950838
10.8150539
12.5458241
7.58135319
9.07137966
9.83786583
13.248414
10.4279518
11.4414692
10.7353325
10.7575054
7.51861954
12.4897957
9.77641296
13.1961107
6.67652512
10.3716555
11.3885107
7.45660067
10.7005234
12.4343338
9.71567631
13.1444035
6.60920143
10.3159847
11.3360882
7.39529705
10.6441975
11.6966667
12.3795271
9.65565491
13.0932035
6.54268265
17.579586
10.26091
11.2842026
7.3346796
10.5884972
11.6383438
12.3252869
9.59628868
6.47693872
13.0425396
10.2064314
7.2748065
11.2328825
10.5334225
11.5807056
12.2716427
9.53760719
6.4119997
11.9146109
10.1525488
7.21558952
10.4789143
6.34780502
9.47958183
11.523694
12.2185345
15.1077805
11.8569431
10.0992918
7.15702772
10.4250612
6.28438568
9.42224312
11.4673376
12.1660233
10.0465412
11.799902
15.0535107
6.22171164
10.3717442
9.3654995
11.4115772
12.1140776
7.04196072
9.99441719
11.7434864
14.9998369
6.15975285
10.3190241
9.30944061
15.3398218
11.3564129
12.0626392
9.04807472
6.98539639
10.6821356
9.94282913
11.6876965
14.9467287
6.09850883
10.2668705
9.25397873
8.98677063
11.3018751
12.0118256
15.286088
10.6234255
11.6325321
14.8941574
10.2152824
9.19914246
8.92621231
11.2479029
15.2328911
10.5653105
11.5779638
14.8421526
8.86633968
11.1945572
11.9116306
15.1802902
10.5079117
11.5239916
14.7906542
9.09125805
8.80715275
11.141777
8.71655369
15.1282253
10.4511681
11.4706459
9.46396637
14.7397223
7.85458088
8.74868011
11.0895338
10.3869734
10.39505
15.0766668
11.4178066
9.40409279
14.2940283
7.791996
14.6892967
8.69086361
11.0378857
10.3395576
15.0257053
11.3655329
9.34493542
14.2400856
7.73009682
8.63367271
14.6394072
10.9867754
10.2846622
14.9751902
9.28640366
11.3138857
7.66900158
14.1867104
8.57716751
10.9362307
9.94554138
8.32265663
10.2303619
9.22858715
11.2627144
14.9252415
7.60856247
8.52125931
14.1338711
9.88635445
8.26078606
10.1766882
9.17142677
11.2121696
7.54883862
14.8757992
8.46600533
14.0816269
10.8366604
8.19969177
9.82782269
10.1236105
13.3085251
9.11489105
7.48983002
11.1621017
14.0299797
8.13925266
9.7699461
10.0710983
13.2537184
9.0589819
7.43147755
11.1125708
13.9788389
8.07958794
9.7127552
10.0191536
7.37380981
9.00372887
13.1995382
8.73401737
8.02054977
13.9282045
7.93123245
9.65622044
7.13640451
9.96774483
7.31679821
8.94907093
13.1459532
8.67360878
9.59402275
12.0508375
7.96222687
13.8781071
7.07319355
9.60031128
9.91693115
7.26041222
8.89500999
13.0929651
8.61391449
11.9951963
7.90458918
7.01072788
13.828516
9.54505825
9.86662483
7.2046814
8.84157372
8.55490589
13.040513
7.84754753
11.9401817
6.94897747
9.49037075
9.81688499
8.78876495
8.49661255
12.9886265
7.79122114
6.88797235
11.8857327
9.43630981
13.7309132
8.43897438
12.9372778
7.73552036
6.8276825
7.04124546
11.8319092
9.38290405
8.68478394
8.38199234
10.0411177
7.68044567
12.8864946
6.76810741
12.499362
11.7786827
9.33003426
5.9017539
8.32560635
6.22594357
6.70921803
12.8362179
12.4448833
9.27776146
11.7260513
8.58306885
5.83782768
8.26993561
6.16127253
6.65101433
12.7865076
8.00704956
9.22605419
12.3910007
11.6739569
5.77464676
8.21489143
6.09734631
11.3023815
6.59346581
16.9011059
7.94610405
12.7373037
9.17491341
12.3376846
5.71224117
11.6224289
6.03419542
8.16041183
6.53663254
11.2463837
7.88587332
12.6885777
9.12433815
5.65054989
15.6488419
12.2849941
11.5714664
5.97178936
8.10658932
10.4937258
11.1910105
7.82632828
5.58963394
9.07430077
12.23281
11.5210714
5.91015816
15.5984163
11.1362343
7.76746845
5.52940369
9.02476883
5.84924221
11.4711523
12.1812229
8.00073147
14.7482157
10.0641546
11.0820532
7.70932436
5.46988869
6.81823492
12.545496
5.78901196
11.4218292
12.1302013
14.6960316
10.007143
5.41102886
7.65183544
11.0284986
6.75588846
5.72952652
11.3729839
12.0796862
9.24772072
15.4501801
14.6444139
5.35294437
9.95075703
7.59503269
10.9755697
6.69431686
5.67075634
7.01910257
11.3246441
12.0297375
15.4018106
14.5933628
7.53888512
9.89499664
6.63346052
5.61264133
10.9232063
6.95753098
11.2768412
11.9803543
7.48336315
15.3538589
9.83992195
6.57331944
14.5427885
9.47204208
10.8714104
6.89670467
11.2295446
11.9314489
10.4998646
7.42846727
6.5138936
9.78544331
14.4927502
10.8201208
6.83659315
13.6984291
11.1826954
11.8830795
7.37422705
10.4441051
6.45518303
9.73159027
14.4432487
10.7694569
6.77716732
13.6460667
7.32058287
11.8351879
6.39715767
10.3889999
9.67833424
6.71845675
10.7192993
14.3942537
13.5942402
5.84149361
7.26753473
6.339818
11.7878323
10.3344917
9.62564373
6.66046143
13.9314833
8.23485851
10.6697083
14.3457651
5.7784915
13.5429802
6.28310442
4.7575531
11.7408934
10.2805796
9.26685333
6.60312176
9.57357883
13.8795967
10.6206532
14.2977829
5.71620464
6.22707605
13.4922867
10.227293
6.54646778
9.52205086
9.21005058
10.5721054
13.8283367
5.65469265
14.2502785
6.17170334
13.4421883
11.6485357
6.49043941
10.1746025
9.47111893
9.15390205
10.5240936
12.6542454
5.59395552
13.7775536
10.153264
13.3925076
6.43509626
10.1224785
9.42072296
9.09838104
10.4765892
5.53390408
12.6016731
13.7273674
6.38034916
13.3434238
10.0709496
9.37089348
9.04351425
5.47456741
12.5496387
11.8834076
13.6776867
6.32622814
13.294816
9.32159996
10.019928
8.98927498
5.41591644
12.49823
13.6285419
6.27276325
8.31750011
9.27287292
9.96956253
13.2467155
5.35801029
8.9356308
8.90389061
12.447298
13.579875
8.2595644
5.30073071
9.91967297
8.88261223
13.1991205
12.3969917
13.5317144
5.24416542
8.20228481
9.1769104
9.87034988
8.83016014
13.1520329
12.3472214
5.18825626
13.4840908
8.1456604
9.12970352
9.82156372
8.77833366
13.1053925
12.2979584
13.4369431
8.08972168
9.77331352
8.72707367
11.8965206
12.2492313
8.03443813
13.3902731
8.67638016
9.72557068
11.8436518
4.8803091
7.97975063
12.2009811
13.344079
8.62625217
9.67833424
4.81963158
11.7914085
12.9683609
7.92571926
12.1532679
4.7596693
7.88921118
8.57666111
9.63163376
13.2983322
7.31804943
11.7397013
10.6376114
7.87228346
4.70042229
12.106061
8.52763653
7.25957775
11.6885605
4.64192009
7.81950378
10.5839071
8.47917747
15.4079199
12.0593605
7.52663612
11.6379852
8.1122818
4.58410358
7.76729012
10.5308294
8.43116665
7.14466
12.0130777
15.358448
7.46887922
16.1853733
10.8619328
11.5879478
4.52694321
7.71567249
7.08824396
10.4782877
11.9673309
7.41177797
10.8087959
4.47046757
11.5385056
14.107913
7.66465092
8.33675289
7.03245401
10.4263725
11.9220915
7.35533237
10.7562542
11.4895706
7.61416531
14.0578156
6.97734928
10.3750229
11.8772392
7.29957199
10.7043085
11.4411411
7.5642767
6.92284107
14.0082836
10.3242693
7.24446774
6.32622814
10.6529598
11.3932495
7.51495361
6.86901808
13.959259
10.2740231
7.18998909
6.26716042
7.46616745
10.6021461
11.3458338
6.81576157
9.88790417
13.9107409
10.2243719
7.13613605
6.20880699
14.6354733
10.5518703
11.2989845
6.76316023
8.78983688
9.83381271
10.1752281
7.08293915
13.8627586
6.15116978
14.5857925
11.252552
10.5021896
9.78037739
7.03033829
10.1266499
6.0941577
13.8152542
14.5366488
11.2066565
10.4530754
9.72750759
6.978333
6.03786087
10.0786095
13.3399668
13.7681961
6.60890341
14.4880114
11.1612377
10.404438
9.67526436
6.92695379
5.98225021
8.64923
10.031044
13.28969
13.7217045
11.1162958
14.4398804
10.3563967
7.54603767
6.87611103
5.92726469
9.62358665
8.59415531
9.98404598
13.2399502
6.50894642
13.6756306
11.0717716
10.3088017
14.3922863
5.8729353
9.57250595
8.53970623
9.93749523
13.1907463
13.6300325
8.86690617
11.0277538
10.2617741
5.81923103
14.3451395
9.52202034
5.60381985
8.48588371
9.89148045
15.0690079
4.9046278
13.1420498
13.5849419
8.81245708
10.2151928
5.7661829
6.72703981
14.2984982
5.54415607
9.4720726
9.8459425
8.43265629
4.84699011
9.47958183
8.75860405
13.5402679
13.0938892
5.71373081
6.67849159
10.1691484
5.48523664
14.2523346
9.42271996
9.80088139
8.38008499
4.79012728
14.9729843
8.70540714
5.66187477
13.0462646
10.1236105
5.42697334
9.37384415
4.7339201
7.69466162
14.2066183
9.75629711
8.32808018
14.9257183
8.65280628
12.9991169
10.0784893
5.36945438
12.573719
15.6536694
4.678339
9.32553387
7.63845444
9.71216011
8.27670097
14.1613779
14.8789587
8.6008606
5.31262159
12.9524469
4.62347269
12.5232038
9.27779102
7.58290291
8.22591782
8.54945183
5.25647402
9.98976803
12.9063129
12.4732552
9.23052406
7.52803707
8.17570114
14.0722389
5.46035194
14.3435898
5.20098209
8.49863911
12.8605957
9.18379402
7.47379684
12.4238729
8.12602043
5.41135693
11.2955866
5.14614582
14.2946539
8.44839191
8.4523859
14.7414503
12.8153858
9.13757133
7.42021179
8.0769062
12.3750267
5.36295795
15.4630842
11.2443562
5.09199524
8.39877129
14.2462845
7.36722374
9.09182453
12.7706232
8.02835846
12.3266878
5.03844023
13.0449533
11.1937227
8.34962749
14.1983929
11.5263462
7.31483078
9.04658413
14.6520729
7.98034668
12.7263365
4.9855113
12.2789145
11.1436253
12.9954519
8.3010788
14.1510372
7.26306438
9.00182152
4.07180214
7.93284178
11.4756527
4.93323803
12.2315884
11.0940933
12.9464865
8.25303841
4.01502848
14.1041574
7.21189404
7.88590336
11.4255543
14.564455
13.2826567
12.1847992
8.20556259
11.0451279
6.90242672
12.8980579
15.2801275
3.9588809
7.16131926
8.91369629
7.8394413
14.0577555
11.3759632
12.5961304
13.2336321
12.1384859
8.15859413
6.84639835
10.9966698
10.2572441
3.90344858
12.8501654
7.11134052
7.79351616
14.0118303
11.3269691
13.185173
8.11216259
12.09268
6.7910552
3.84867191
10.9487476
10.2057753
10.6554623
12.8027802
7.06189871
7.74806738
13.9664116
11.2784805
13.1372509
8.06620693
3.79452109
6.73636818
12.0473499
10.9013615
10.1549034
7.01305294
7.70312548
12.7559004
13.9214401
11.2305279
8.02075863
6.68233633
13.089776
12.0024977
10.8544531
6.96474314
10.104537
12.7094688
13.8768854
11.1830826
7.97581673
6.62890053
13.0428371
11.9580927
10.8081102
10.0547972
12.6635733
12.2273264
9.38034058
7.9313221
13.8328371
11.1361446
6.57612085
11.9141636
6.86970329
12.9964056
10.7622147
10.0056229
12.618124
9.27782059
12.178153
7.88736343
6.52396679
11.0897722
13.7891769
6.82297325
11.8706818
12.9504204
10.7168255
9.95692635
12.5732126
9.22542763
12.1295748
6.47240877
11.0438461
13.7459936
5.52698994
11.8276176
9.61563015
12.9049416
10.6718836
9.90882492
12.528717
9.17366123
6.42147636
12.0815039
5.47173595
10.9984283
13.703227
9.5022316
10.627449
8.1174078
12.859911
9.86126041
12.4846697
6.11296272
6.37111092
9.12249088
5.41716814
12.0339098
10.9534559
11.7428894
9.45043564
10.5834904
12.8153858
9.81417274
11.2276974
6.321311
12.4410686
9.07188606
5.3632555
11.9868813
10.9089909
9.39923477
10.5400085
9.76768112
12.7713089
6.00191975
6.27210712
5.30996895
12.3979454
11.1778374
9.02187824
11.9403601
10.8650026
11.6598015
9.34860134
10.496974
9.72163677
12.7276478
6.22346973
5.25733852
12.355238
11.1285152
8.97243595
10.8214617
11.8943157
10.4543571
9.29859257
8.25324631
9.67609882
5.8935585
6.17536926
12.684494
5.20530319
12.3130083
8.92353058
11.0797586
10.778368
11.8487473
10.4121571
9.24912071
9.95561504
5.84033108
9.63106728
8.20049667
5.15389442
12.6417274
12.2711363
8.87516117
11.031538
10.7357206
11.8036861
10.3704338
5.78773022
9.2002449
5.1030817
9.90498066
9.586483
8.14837265
12.5994091
4.85634804
8.82738876
12.2297707
10.9838247
10.6935205
11.7591019
5.7357254
5.05286455
9.15187645
9.54243565
9.85491276
8.09687424
12.5575066
4.79990244
8.7801218
10.9366474
10.6517372
11.7149649
5.68437576
5.00321388
9.10404301
9.49880505
8.04597092
9.80541134
4.74414253
8.73339176
10.890007
5.63362217
11.6713047
7.32326508
9.056777
9.45568085
7.99563503
9.75644588
4.68900776
8.68716812
12.1079388
10.5694828
10.8438435
5.58349514
11.6281214
9.0100174
9.41297436
7.94586563
4.6345892
9.70807648
10.4150772
9.05090523
8.64145184
5.53390408
10.7981863
11.5853844
8.96379375
4.58082581
7.89669132
9.66021442
10.3655453
8.596241
7.55336857
5.48484898
10.753006
14.9385633
11.5430355
4.52768803
8.91804695
7.84808397
13.7139559
9.6129179
10.3165512
8.55153847
10.8110609
7.50717545
10.7083321
4.47520638
11.501133
9.28753662
8.87283707
7.80001259
9.19899368
9.56609821
13.6670771
8.5072813
10.2680922
7.45406723
4.42335033
10.6641655
11.4596786
14.0050945
8.82810402
7.75247812
9.14803123
9.51981544
13.6207342
8.46353149
10.2201996
7.40152597
4.37209034
10.6204147
11.4186401
8.78387642
7.7055397
13.9581861
9.09766579
9.47406864
8.42025852
13.5748091
7.34966993
10.1728144
4.32145596
10.5771427
8.74006748
11.3779602
7.65907764
9.04792595
9.42882919
8.37743282
7.2983799
4.27138805
13.5294495
10.1259947
3.70416045
10.5343761
12.6963253
8.69679451
7.61312246
11.3377571
8.99869156
8.3350544
13.8658285
9.3840065
7.94717693
7.24768639
10.0796518
13.4845371
3.64917517
10.4919672
12.6489105
7.56773376
8.65393829
11.2979412
8.95005417
9.33975029
13.8203506
7.89529085
7.19761848
3.59478593
10.0338163
13.440073
10.4500351
7.52279186
12.6019716
8.25166702
8.90192413
9.29591084
7.14808702
7.84400082
13.7754078
3.54111195
9.98851681
13.3960838
10.4085808
8.56962776
12.5555696
6.1193409
9.25257778
8.85438919
3.48809361
7.09918118
7.79333687
6.76021004
13.7308836
9.94369411
13.3525429
7.43442774
10.3675127
10.0051165
6.06700802
12.5096436
3.43567133
9.20972252
8.8073616
7.05081224
7.7432394
13.6868057
9.89934826
8.48710537
10.3268623
13.3094492
6.01530075
3.3839345
12.4642258
9.16728401
8.76086998
7.00300932
7.69376755
8.39349651
6.33561611
9.85547924
13.6432056
7.348001
11.6370621
10.2865992
13.2667723
3.33276391
5.96421957
6.99034309
9.12532234
6.95574284
8.71488476
12.4192533
7.64483213
8.34283257
6.28393888
9.81211662
7.30550289
13.6000519
10.2467833
11.5894976
5.91373444
13.2245722
9.08377743
6.90901279
8.66946602
12.3748188
7.5964632
8.29276466
6.2328577
9.76920128
5.86384535
11.542469
13.1827888
9.0427103
6.86284924
8.62449455
7.54868984
6.18237257
12.3308001
8.24326324
7.22181797
11.8757191
9.72673321
7.19952583
13.5150547
5.81452274
11.4959478
13.1413937
9.00202942
6.81716204
8.58002853
7.50139332
6.13251305
8.19432735
12.2872591
9.68468189
11.8286905
5.76579571
13.4731827
11.4499331
13.1004152
6.77201176
8.96182632
8.53604126
7.45469332
6.08325005
8.14595795
12.2441654
9.64310741
5.71766472
11.7821102
10.6319189
6.7273674
13.0599136
11.4044847
8.49255943
6.03452301
7.40849972
8.09815502
12.2015181
9.60195065
5.67007065
7.04455376
11.7360649
10.5836687
13.3906898
6.68320084
13.0197105
11.3594236
5.9863925
8.44955444
7.362813
8.05088902
12.159318
9.56124115
5.62304258
6.99412823
11.690527
6.6395402
10.535985
5.93882799
8.40699673
7.31766224
11.3148985
8.00415897
5.57649136
9.52094841
12.1175652
5.27697802
6.94432831
11.6454659
13.309866
5.89179993
10.4888382
7.2730484
11.2708807
7.95793533
9.48107243
12.0761986
6.89506531
6.5536499
11.6008816
5.84527874
6.19813824
8.32325172
7.22888088
10.4421978
10.9792051
11.2272797
7.91224861
5.48508739
9.44161415
5.17457724
12.0352802
6.84636831
5.79932308
11.5567741
8.28203583
7.18522072
10.3960629
7.92422867
11.184186
7.86709785
5.12427092
6.79826736
11.9947796
5.75387478
8.24123573
7.14203739
11.5131741
10.3504658
7.82245398
11.1415091
5.07459068
6.75073242
11.9546947
7.09930038
8.20091343
11.4700203
10.3053455
7.77828693
5.02544641
11.099309
6.7037344
6.02883101
7.0571003
8.16100883
11.4272833
4.38371277
10.2607613
4.97698784
7.73462677
14.4585972
11.0575256
6.65727234
5.97801781
9.8176899
4.33039665
11.3850536
4.9290061
7.69141293
10.2166233
11.0162201
14.4136848
6.6113472
11.8367968
5.92780113
6.97398186
9.92637825
9.76976776
4.88164997
11.3432703
7.64870644
10.1729631
10.9753017
6.56592846
14.3692198
3.91119719
8.39903927
5.8781805
4.2257309
4.83480072
9.72241211
7.60644674
11.3018456
10.1297798
6.52101612
10.9348001
3.86041403
14.325201
5.8291254
4.17435169
4.78848839
9.67559242
7.56463432
11.2608967
3.81022692
10.0870724
6.47667027
10.8947754
5.78069687
14.2816601
4.12356853
4.74271202
8.5447731
7.52332783
9.62927914
3.76066566
11.220336
8.63841152
6.43277168
10.0448427
10.8550787
5.73283434
4.07347107
13.3817787
8.49610519
7.48243904
3.71164083
9.58350277
6.38940907
11.1802521
10.0030308
10.8158293
8.82315636
5.68544865
5.39204502
4.02390957
8.44800472
13.3368673
7.44196796
3.66324186
9.5382328
6.34649372
11.1405258
9.9616642
10.7769966
5.63871861
8.77445984
3.97494435
12.1121111
3.61540914
7.40197277
8.40041065
13.2924318
6.30405521
9.49344063
11.1012459
9.92074585
5.5924654
10.7385216
3.92657518
8.72635841
12.0662746
3.56814265
8.35341263
14.1119061
13.2484436
2.97364593
9.44918442
11.0623245
3.87880206
5.54677868
9.88024521
5.23641682
8.67879391
12.0208855
8.30692101
14.0705109
2.92164087
13.2049322
9.40537453
3.83156538
5.50162792
9.84019089
10.6627045
5.18578291
8.63176537
9.12082195
11.9760036
4.81930351
8.26096535
2.87035108
14.029562
3.78486514
5.45698404
9.36210155
13.1618977
5.13574505
9.80049324
7.59914494
8.58524418
4.7704277
2.81962752
11.9316282
8.21554661
3.73873115
5.412817
9.31927586
5.08630276
13.1193104
9.76127434
8.53928947
2.76952982
8.17063427
11.8877296
7.78707886
5.03748655
13.9487982
10.9105701
9.27692604
9.72241211
13.0771399
12.6005411
8.49387074
2.72005796
4.67446423
8.12625885
5.32603264
11.8442478
7.83723593
4.98923683
7.73808384
9.23499489
13.9090719
9.68396664
13.0354166
2.67118216
12.5555696
4.62731743
8.44892883
5.28335571
8.0823307
11.8012724
4.94155312
7.68971443
9.19353962
4.58073616
12.9941101
12.5110445
8.40449333
8.03887844
4.89449501
11.7587452
7.64188194
9.60823917
9.15256119
4.53472137
11.2897453
12.9531918
8.36056519
12.4669971
5.19949198
7.99599266
4.84791374
11.7166634
9.1119709
7.59458542
4.48924303
11.2442379
8.31714249
12.9127502
5.15824556
12.4234257
4.801929
7.95352459
9.0718565
3.81708145
4.44424152
7.54785538
11.6750603
8.27419758
11.1992655
12.8726959
4.75645065
12.3803616
7.91153336
11.40973
3.76775861
4.39980602
9.03213024
7.50166178
11.6338434
8.23172951
6.43596077
11.1547709
4.71150875
7.86998844
12.3377142
3.71909142
8.99279118
7.45603466
11.5930738
8.18970776
4.66710329
12.7937794
11.1107826
7.82895088
12.2955437
3.67090106
8.95392895
7.4108839
11.5527515
8.14819336
4.62317467
12.7549171
7.78830051
11.0672417
3.62339616
12.2537613
6.66007423
7.36629963
11.5128155
8.10706615
6.29147911
3.5763979
7.74809742
12.7164125
11.0241776
12.2124853
8.87736702
7.03823566
7.32216263
11.4732685
8.06641579
6.24448061
3.52999568
7.70834064
12.6783257
10.9816189
8.83966637
12.171566
6.56437874
7.27859116
11.4341679
8.02624226
6.19798899
3.4841001
7.66900158
10.3484688
12.6405954
10.9394789
8.80238438
6.51738071
7.23546743
12.1311245
11.3954544
3.43877077
7.98645592
10.4694071
6.15209341
7.63010979
7.27638626
12.6032534
10.8977852
6.47091866
7.19282055
12.0910702
3.39397788
7.94711685
11.3571281
6.10670471
10.4242859
7.59157562
10.8565693
6.42499352
7.15070963
12.0514336
7.9081955
6.06185198
11.3191605
7.55348778
10.3796721
10.5975866
5.36775589
6.3796339
9.22238827
10.8157396
7.10901642
12.0122137
7.86966085
6.01747608
11.28158
7.51578808
10.335535
5.31920815
6.33478165
7.06779957
10.7753572
9.1761055
11.9733515
7.83154392
5.97366714
10.2919044
5.27131557
2.93663144
6.29043579
7.02702999
10.7354221
9.13038826
7.79384375
5.93036413
11.934906
5.22392988
10.2487803
2.8886795
9.45869064
6.24662638
6.98670769
10.6959047
9.08517838
7.75653124
5.88750839
11.8968487
5.17714024
2.84129381
10.2061033
9.41291428
6.20332336
6.9468317
10.656744
5.84518909
9.04047489
2.79447436
5.1309166
10.1638737
6.1604681
6.90737343
9.36767483
12.8074884
5.80331707
10.6180305
8.99624825
2.74822116
11.0992794
5.08520031
6.86839199
6.1181488
10.1221504
9.32294083
5.76195145
12.7641258
10.5797348
8.95255852
5.04007912
8.17546272
6.82979822
6.07633591
10.0808439
9.27871513
10.5417967
12.7211809
8.90934467
4.99543571
11.7483435
6.79162121
6.03491068
8.12903023
10.0399551
5.6805315
9.23499489
10.5042458
12.6787128
8.86663818
4.95132828
6.75383186
5.99402189
8.08307552
5.64053631
9.99954319
9.19175148
10.4671116
4.90775681
8.82440758
12.6366615
6.71646023
5.95352077
8.03765678
5.60095882
9.95957851
9.14901543
4.86469269
8.7826252
12.5950871
4.52589989
5.91349602
7.99280405
9.92000103
9.10675526
13.3088827
4.82207537
10.3938875
8.74128914
5.87391853
8.4861517
12.5539303
7.94842815
9.88090038
4.77996445
9.0649128
10.3578272
8.70040035
4.4310689
12.5132198
12.022913
7.90461922
4.73833084
9.84215736
9.02357674
5.79610443
8.66001892
5.44691086
12.4729271
7.8612566
11.9794903
4.6972332
9.80380154
10.286808
8.98268795
4.33847332
8.61999416
13.1823425
7.08875084
12.4330225
7.81840086
4.65655327
11.9364853
7.19663525
9.76589298
8.94221687
7.41252327
4.2929945
8.58050537
13.1410961
7.0425868
4.61632013
12.3935642
7.77605152
10.7059479
9.72834206
11.8939877
4.2480526
8.9022522
7.36582279
8.54137516
13.6141186
6.99692965
13.1001768
4.57656384
7.7341795
12.3544636
10.6620493
9.69120884
4.20364761
11.8519363
8.8626442
7.31962919
8.50266266
6.95189857
13.0597649
7.43865967
7.69275427
12.3158092
4.15977859
9.6544323
10.618597
8.82351398
11.8103027
7.27400208
8.46436596
4.49839211
6.9073143
13.0197411
10.9504461
7.65180588
4.11641598
12.2775135
9.6180439
10.5756521
8.78480053
7.22891092
11.769146
8.42648697
6.86329603
7.61127472
12.9801331
4.07359028
10.9069643
12.2396355
9.58201313
9.22682858
8.7464447
10.5332136
7.18438625
8.38902569
11.7284355
6.8197546
4.03127098
7.57124996
12.9409132
9.54636955
10.8639898
12.2021437
3.01855803
8.70856667
10.4911919
7.14033842
8.35189247
11.6881428
6.77672005
3.98939848
7.53161335
12.9020805
10.8214912
2.97319889
12.1649504
8.67101574
7.09679699
8.31520557
10.4496479
11.6482973
6.73422241
3.94800305
6.00919151
7.49245262
2.9284358
12.863636
12.1281738
10.7794399
8.63391113
8.27893639
7.05376244
10.4085808
11.6088095
3.90711427
6.6921711
5.96329594
7.4537096
2.88414955
8.59716511
12.0917854
3.54880095
10.7378368
8.24296474
7.0112648
10.3679295
3.86667252
6.65062666
11.569768
5.91793633
7.41535425
2.84042954
3.50353122
9.88388062
8.56083679
12.0557251
8.20738029
6.96918392
10.6967087
10.3277264
6.6095295
11.5311146
2.79718637
7.3774457
3.45882773
8.52483559
8.17218399
9.84036922
12.0200214
12.7506552
6.92760944
10.6559992
6.56893826
10.287941
2.75447965
5.82885742
11.492878
7.33995438
3.41463089
8.48925114
3.74814868
6.88654184
9.79733467
10.615736
6.52873516
10.2486019
5.78510761
7.30282068
11.4550295
3.37100029
8.45402527
6.84589148
12.6771927
9.75477695
10.5759201
6.4890089
5.7418642
10.2096796
7.26613426
3.32784653
11.4175682
3.67131829
8.41915607
6.80571795
11.9149685
9.71269608
6.44972897
10.5365515
5.34871197
5.69912815
7.22980499
10.1711454
3.28522921
11.3804932
6.76599121
11.8806362
6.41089678
9.67109203
5.65689802
10.4975405
7.19386339
8.86771107
3.24305892
10.1330576
11.3437767
6.72674179
2.2354126
6.37248135
5.61517477
9.62996483
3.20145488
7.15830898
10.4590054
8.82360363
10.0952988
11.3074188
8.66732025
2.19023228
6.68787956
6.33451366
3.16029787
5.57386875
5.20837307
9.58922482
10.4207993
8.77997303
10.0580158
11.2714767
2.1455884
6.64946461
6.2969327
3.1196177
5.53309917
5.59958839
9.54896164
13.4517555
10.3830395
10.0210609
8.73681927
11.2358332
6.61146641
6.25976944
5.49277687
5.1176548
9.50917625
10.3456974
9.98449326
8.69420147
6.57391548
6.2229929
5.45290089
5.07310009
7.53384829
9.46980667
10.3086834
9.94831276
8.65206146
11.1656189
6.53672218
6.18663406
5.41350269
7.48953247
9.43085575
10.2720556
9.91254997
8.61039734
11.1310778
6.49994612
5.37452126
7.44578266
9.39232063
10.2358456
9.87708569
8.56918144
6.46358728
13.2929688
6.11507893
5.33598661
4.942626
7.40256882
9.35420418
10.1999941
9.84197807
8.52844143
12.7413273
4.90018749
7.35980272
9.31650352
9.80725861
10.1644993
6.39200211
8.48814869
5.26019955
8.05118656
4.85819578
12.7002296
7.31754303
10.1293325
9.27919197
6.35677576
7.8604517
5.2229166
8.44833279
8.00737762
4.81674099
7.27576017
10.0945835
9.24226665
8.40893364
4.77573299
7.96410465
12.619257
7.23451376
10.0601616
9.20572853
8.3699522
4.7352314
7.92133808
13.1034555
12.5794115
4.00614738
10.0260077
7.19368458
9.16957855
11.6982756
4.69514751
3.65033746
8.3314476
7.87904835
6.56524277
12.5399828
3.96233797
5.07795811
9.99227142
7.15336227
9.1337862
4.65559959
3.60754132
11.6567612
8.29333115
11.2826233
7.83729553
13.030261
12.5009718
7.11345673
9.09838104
3.56525183
4.61649895
8.25563049
11.6156635
11.2425089
6.67902851
7.79595947
12.9941702
3.87635827
9.92572308
7.07405806
9.06333351
12.462348
3.52352858
4.57778549
10.3710594
8.21831799
11.5750732
6.80983067
6.63557625
7.75513077
11.2028418
3.83406878
3.48225236
7.03501701
9.02864361
4.53951931
12.4241409
8.18148232
10.3291874
11.5348997
6.5926609
7.71477795
11.1635923
3.79234552
3.44145298
4.50172997
6.99648285
8.9943409
12.3862925
8.14497471
10.2877321
6.5502224
3.75112891
11.4951725
7.67481327
11.1247005
3.40116024
6.95833588
8.96033669
12.3488903
8.10882473
7.05564022
10.2467833
3.71035933
6.50829077
7.635355
11.4558039
3.36131454
11.0862846
4.42737341
8.92671967
6.9206357
8.07312107
12.3117867
3.6700666
10.2062817
6.46686554
7.59631395
3.32194567
11.4169121
11.0482578
8.89343071
6.8833828
8.03774643
12.2750998
3.63028049
3.28302383
6.42591715
10.1661682
4.35465574
7.55772018
11.378437
8.8604393
11.0106764
6.84645748
5.32069778
8.00278759
3.59094143
12.2388
3.24454904
12.4584436
6.38541603
9.30061913
7.51954317
10.1265316
6.80997944
11.3403502
10.9733944
5.76499081
7.96815777
3.5520494
12.2028294
13.3134727
6.34542084
7.48181343
10.0873413
6.77388906
11.3026505
5.23489714
10.9365578
3.5135746
7.93391466
2.81739235
12.1672449
6.30587339
7.44447136
9.2172327
10.0485687
6.73818588
9.1133709
11.265337
10.9000797
7.55092525
7.89999962
6.26677275
12.1319885
9.54604149
7.40757561
12.7144451
6.70289993
9.17628384
6.00832701
10.0102129
12.3385487
5.15115261
2.73376703
11.2284126
10.8640194
7.8664422
6.2281189
12.0970907
7.371068
9.50452709
6.66794205
3.40089202
9.13569355
9.97224426
5.10999584
12.299448
7.83327198
4.7416687
11.1918449
10.8282566
5.78531647
6.18985271
7.33491802
12.0625496
6.63340092
9.4635191
3.36420536
2.65216827
5.06934547
9.9347229
9.09563923
12.6347837
7.80037022
12.260705
10.7929115
11.1557245
8.27899551
5.74317551
6.15212345
11.3718214
7.29915524
6.59918785
6.25291443
12.028307
9.42295837
5.02917194
9.89758968
9.05603218
12.2224388
10.7579231
11.1199322
8.23649788
5.70157146
6.1147213
7.2638092
6.56536198
11.994421
4.98947525
9.38284397
9.86081314
9.01684189
12.5568209
10.7232332
12.1845007
11.0844975
8.19450569
5.6604743
6.07776642
7.22885132
11.2916231
11.9608641
4.95019531
9.34320641
9.82445526
8.97806931
10.6889305
11.0494194
12.5184355
12.1469793
5.61979389
8.15299129
6.04122877
7.19422102
10.0411472
4.91139317
11.2521944
9.30392742
9.78848362
8.93977261
10.6549854
11.0147295
5.57962036
6.00507832
12.4804382
12.1098757
8.11192417
7.15997791
10.0004673
4.8730669
1.76587701
11.213213
9.26515484
9.75286961
8.90189362
10.6213388
5.53995371
5.96934557
10.9803677
7.12612247
8.07136345
12.0730991
4.83515835
9.96026421
11.1745892
9.22679901
9.71764374
8.86437321
12.9494076
10.5880499
5.50070381
5.93400002
10.9463329
7.09262466
8.03124905
12.0367107
12.4056044
4.79769707
9.92050743
11.1364422
9.18886089
9.68277454
8.82729912
5.46190166
10.5550585
7.05942535
10.9126272
7.99161196
4.76062298
12.0007095
12.3687983
9.88119888
11.0986528
9.15130997
9.64826393
5.86444139
5.42360544
8.79061222
10.5224247
7.02661276
10.8792486
4.72396612
7.95242214
11.965066
4.30977345
8.55583
9.84233665
5.83022833
11.0612812
9.61410999
5.38569689
9.1141758
6.99409866
8.75434303
10.4901199
10.8462276
4.68775654
7.91364908
11.92978
12.2962294
7.46086216
9.80386162
5.79640293
5.34820557
9.58028412
9.07748985
11.0242958
8.71846104
4.65196371
7.8753233
4.22948599
11.8948517
12.2605267
5.76287508
9.76583385
5.31116104
9.54678631
9.04116058
10.9876995
8.6829071
4.61652851
7.83741474
4.19005775
11.8602514
12.2251511
7.37708807
5.27453423
9.72819328
9.51370621
7.24360371
9.00518894
8.64779949
10.9514599
4.15110588
7.79992342
11.8260088
5.69698238
12.1901331
10.4235115
7.33596087
5.23835421
9.21565247
9.48089409
9.69099998
8.96963501
8.61305046
10.9156075
10.7172432
4.11257172
7.76287937
11.7920933
5.20253181
12.1554737
7.29525089
10.3849468
9.17541981
9.44837952
9.65416431
8.57859802
8.93446827
10.8801422
4.07451391
7.72625208
11.7585068
5.16709709
9.06527042
7.2550478
7.4942708
10.3468304
9.41625214
9.13563347
9.61771584
8.54453468
8.89965916
4.03690338
10.8450356
7.68998241
5.13207912
4.4451952
11.7252464
12.0871363
7.21532106
6.08625984
10.3091002
9.0962944
8.51085758
9.58168507
8.86520767
3.99971008
10.8102856
7.65413046
5.09744883
11.6923151
7.1760416
10.2717581
8.47750854
9.05740261
8.8310833
3.96293402
9.54604149
10.7758636
7.6186657
5.06320572
11.6596813
9.32166004
7.13723898
3.92660499
8.44451809
10.2348032
8.79734802
9.01892757
9.51075554
10.7418003
7.58355856
3.16232443
7.09882355
11.9871197
3.89069319
5.96240139
8.41182518
8.7639389
10.1982651
9.47582722
8.98089981
10.7080641
4.99582291
7.54886866
3.12310457
3.85516882
7.06088543
11.9543972
5.92201948
8.37948895
8.73091793
9.44128609
10.1621151
8.94326019
8.47348595
4.96268272
10.6747446
7.51453638
3.08439136
3.82006168
7.0233345
8.34748173
5.88223362
8.69819546
9.40707302
10.1263227
8.90606689
8.43268585
7.48053169
10.641634
3.04612517
11.5323067
8.31583118
6.98626041
5.84283447
8.66582966
4.89741564
9.37324715
10.0909472
8.86929035
8.39242363
7.44691467
10.6089411
3.00827622
6.16115332
8.28444958
6.94957352
5.80391312
8.63376236
9.33975029
10.0558996
8.83287239
7.41368532
2.61384249
8.35254765
2.97093391
10.5765162
3.37797403
3.71706486
6.12178421
8.25339508
6.91330433
5.76546764
8.60202312
9.30657959
7.38078356
2.93397903
2.57191062
10.0212393
8.79687119
10.5444489
3.68344784
8.31314945
6.08286285
6.87742233
5.72743988
8.57061195
7.12531805
9.27376747
2.89744139
7.34820938
3.65024805
8.76125717
9.98693657
10.5126801
8.27425766
6.04444742
5.68985939
6.84192753
2.86138058
2.48959661
9.24131298
3.61743569
7.31596375
8.72600079
9.95299244
10.4812088
8.23575211
6.00638962
8.50874138
5.6527257
6.80685043
2.8257072
2.44921446
9.20912647
7.28410482
8.69113159
9.91937542
10.4500656
12.114048
8.19766521
5.96880913
5.61597919
6.77213097
5.19445515
2.79045105
2.40930915
7.36758137
7.25251436
9.17729759
7.00423145
8.65662098
9.88611603
8.16002464
5.93167543
5.57971001
6.73782825
5.15395403
2.36988068
7.22128153
9.14579582
6.96483231
8.62252712
9.85315418
8.12283134
5.89492893
2.72113085
5.54379845
2.33089924
6.70385361
5.11395931
7.19034672
7.28732347
6.92585087
8.58873177
9.82058048
12.547493
8.08602524
5.85860014
2.29242444
5.50830364
6.67026615
5.07444143
7.24789524
6.88737631
8.55535316
9.78827477
2.25442648
5.82271814
8.04963684
4.10017395
5.47319651
6.6370368
5.03537083
11.9638739
4.28000069
6.84928894
2.62007117
8.52227211
9.75635624
2.21681595
5.78722382
5.4385066
8.01363564
6.60413504
4.99677658
11.9273071
9.02280235
7.1704092
6.81167841
8.48954964
9.72470665
2.17971206
5.88324642
5.75214624
5.40420437
6.57162094
7.97805214
4.95865917
11.8910971
7.13229179
2.1430254
6.77451515
8.45715427
9.69338417
5.71739674
5.37025928
6.53943443
12.411356
7.94285536
4.92095947
11.8552446
2.10675597
7.09468126
8.42508698
6.73770905
9.66236019
5.68309402
5.33670187
6.50760555
10.5772018
12.3781567
4.88370657
7.9080162
2.07090378
11.8197803
7.05748796
8.3933773
6.70135021
9.63166332
5.30350208
5.64914942
6.47610426
4.84690094
10.5408726
7.87359476
5.86995506
11.7847023
7.02065229
8.36193562
9.60123539
6.66540861
3.72162461
5.27065992
10.0106897
5.61556244
6.44493103
4.81048203
7.8395009
11.2409
10.5049019
2.00051069
8.33088112
6.98429346
11.7499533
6.62988424
5.23820496
5.58236217
4.77451086
7.80579472
10.469347
11.2036171
7.95304775
3.99497151
5.79324341
8.30006599
5.20604849
6.9483223
5.54949045
6.59474754
6.38353825
11.7155609
4.73895645
7.77244568
12.2485161
10.4341211
11.1667519
3.95616889
3.60664725
8.26963806
5.17427921
5.75554371
5.51703548
6.91276789
6.55996799
11.6815271
4.70378971
7.73945427
8.67879391
10.3992825
11.1302433
3.91787291
5.14283752
3.56924534
8.23944855
5.48487902
5.71829081
6.87760115
6.52560616
4.66904068
11.6478205
7.70679092
9.85819054
8.6396637
12.1855736
3.88002396
10.36483
11.0941525
3.53223085
5.45308018
5.68148518
6.84282207
6.49160147
6.63545704
4.6347084
11.6144714
7.67445564
9.8211174
3.84265184
10.330677
3.49569321
11.0584497
5.64506626
6.45798445
6.80842972
4.60070372
11.5814209
7.64247799
3.80566716
3.45960259
8.56274414
10.2969704
5.60912514
11.0231037
6.42469501
6.77439594
4.5670867
11.548728
7.61085749
3.76915932
3.42389941
8.89024162
9.74816132
8.52495384
10.2635326
5.57354069
6.39182329
4.53385735
6.74074888
10.9881163
6.88853836
4.78228951
7.57953548
11.5163326
3.7330389
3.38861346
8.85194588
9.7122488
8.48755264
10.2304516
5.53834438
4.50101471
6.35927916
6.70742989
10.9534855
7.54857063
3.69739532
3.35374475
3.79049778
8.81412601
9.67678452
4.46853065
5.50359488
6.32706261
8.45062733
10.1976986
6.67452812
5.05971909
4.70620394
10.9192429
7.51787424
3.66213918
3.31932306
11.4524956
4.43640327
5.469203
6.29526377
8.7766943
9.64164734
6.64195442
10.1653042
8.41411972
5.0214529
4.66889143
10.8853283
7.48753548
3.62727046
3.28522921
5.5787859
4.40460443
5.43522835
6.26373291
6.60973787
9.60692787
8.73970985
10.1332369
8.37793922
4.63193655
7.45746517
3.59281898
3.25152278
10.8518009
2.50092149
11.3898811
6.23252964
5.40161133
6.57784939
4.94629145
9.57253551
10.1014671
8.7031126
4.59545851
8.34220695
3.21823359
3.55878472
7.42769241
2.46420503
10.8185711
11.3590355
4.34207916
6.20171452
5.3683815
6.54631853
4.90936661
10.0700264
4.5593977
9.53856087
8.66693306
8.30686092
3.18530202
3.5250783
2.4279058
7.39827728
10.7856989
11.3284588
6.1711669
5.33550978
6.51511574
4.87285852
4.52375412
10.0388823
3.4918189
2.3920536
9.50488472
8.63113976
8.2719326
4.28086519
7.77649879
10.7531252
3.74040008
6.14094734
5.30299568
6.48424053
4.83685732
4.48849773
2.35661864
10.0080376
9.47159576
8.23736191
8.59579468
10.7208786
7.73867989
3.70195508
6.11108541
5.27083874
6.45369291
4.80121374
2.32157111
3.426373
4.45371866
9.97751999
9.43860435
8.20314884
8.56080627
9.24682617
10.6889906
3.66398692
6.08149147
5.23903942
11.2384853
6.42344379
2.28697062
3.3941865
4.76595783
4.41926718
9.94729996
9.40600014
8.16932297
8.52614594
4.52795601
10.6573696
5.20756817
7.66435242
6.39355183
2.25275755
3.36238742
4.73114872
4.38523293
9.91734886
9.37372398
8.13588524
8.49190331
5.17645454
2.99534202
10.6261072
6.36389828
7.62781525
2.21896172
3.33091617
4.69669724
4.35161591
9.34177589
8.10277462
8.45804787
5.14566898
6.33460283
10.5951424
7.59169483
4.31832695
4.66269255
11.5194616
9.31015587
6.74584484
8.07002163
5.11524105
8.42452049
3.26904655
10.564476
4.28548431
7.55599117
4.62907553
1.74480677
11.4831629
9.27886391
5.0850811
8.0375967
2.11983919
3.23858857
8.39140987
10.5340776
4.25294018
1.70785189
4.59578609
7.52067566
9.80046368
5.05524874
3.44547629
9.24786949
8.00555992
6.66973019
8.35856819
1.67140365
4.22078371
6.58887625
4.56291437
10.5039778
7.48574734
5.025774
3.41054797
9.21717262
7.97381973
6.63232803
8.32614326
1.63534284
4.18898487
4.53040028
10.474205
7.45120621
3.37606668
3.48311663
9.18680382
7.94240856
1.59975886
6.59537315
4.15754318
8.29401588
4.49824333
7.41705322
3.34191322
1.56456232
9.15676308
7.91135406
8.26224709
6.55883551
4.46641445
7.38328695
3.3082068
1.52981281
9.12702084
7.88059807
4.09567356
11.3072691
4.43497276
8.2308054
6.52271509
7.34987831
3.274858
1.49545074
9.09751701
7.8501997
4.40388918
8.19966221
11.2731752
6.48701191
11.6401014
3.24192643
7.31682777
4.03514481
9.0683403
7.82003975
6.00448227
4.37307358
8.16887665
6.45175552
11.239439
7.10093975
3.20935249
7.28416443
4.00537252
4.34267521
9.03943157
7.79023743
8.1384182
6.41685724
5.25227165
11.2060308
3.17713618
7.25182915
4.31257486
7.76070356
5.92723465
8.10822868
6.38234615
11.1729803
7.21985102
4.28277254
9.36767483
7.73152733
10.6113853
8.07833672
2.68134475
6.3482523
5.17955399
11.1402874
7.18823051
7.70258904
8.04880238
2.64629722
6.31454563
5.14385128
11.1078625
7.15690851
11.4710035
7.67394924
9.66131687
3.05190682
8.01950645
2.61166692
5.81485033
10.5416775
6.28119707
5.10856533
11.0757942
7.12594414
7.64560699
2.57742405
9.25964165
7.99056911
6.2482357
5.07366657
10.5073452
7.09527731
11.0440845
7.61756325
11.4057064
6.03589439
2.54365802
7.9618988
9.22447395
5.74210262
6.21563196
5.03921509
10.4734001
12.3173294
7.06496811
11.0126438
2.51019001
5.70633984
9.18963528
5.00509167
6.18341541
10.4398136
7.03495741
10.9815302
2.47719884
5.67105389
4.97141457
6.15149736
9.15521431
9.51787853
8.28212547
7.00524426
10.4065533
2.44453549
10.9506845
7.87752867
11.3101902
1.34548545
4.93812561
5.63612556
6.11996651
9.12115002
9.48300934
6.97588921
2.41225958
10.3736515
10.9201965
1.64976716
11.2789869
4.90516424
6.08876324
5.60164452
9.08744335
6.94677258
9.44849873
2.38034129
10.3411083
10.8899479
1.61454082
1.27619505
4.87262011
6.05791807
5.5675211
6.9180131
9.05412483
4.40478325
9.41437531
1.2421608
1.5797019
10.3088617
10.8600559
4.8404336
11.2175045
6.02737045
5.53381443
6.88952208
4.36893082
9.02116299
9.38063812
1.20854378
1.54533982
8.13937187
10.2770033
10.8304024
4.80860472
5.99715137
5.50046539
3.42491269
4.33358574
1.17534399
1.51136518
8.98849964
9.34722996
8.10468197
10.2453823
10.8010473
4.77713346
5.96728897
5.46756363
6.8333745
1.47780776
4.29865742
8.95625305
9.31417942
8.07034969
10.7719898
10.2141495
4.74601984
5.93772507
5.43496037
6.80571795
1.44460797
4.26411629
8.92430496
9.28148651
8.03643417
10.7431707
10.1832151
2.19646096
4.71520424
5.90848923
5.40274382
1.41185522
11.0979977
3.67313623
4.22999287
8.89268494
9.24915123
8.00284767
10.7146502
4.68477631
5.87952137
10.1525784
1.37943029
5.3708849
11.068821
4.1962266
8.86139297
4.65467548
9.21711349
7.96970749
5.85088158
10.1222401
3.04538012
5.33938408
7.45472336
11.0399427
4.1629076
5.48377609
8.83045769
4.62493324
5.82256889
9.18546295
7.93686485
10.0922585
3.00988555
5.30824089
4.12994623
7.41884136
8.7998209
4.59542847
5.79449558
3.66869569
10.6306667
9.15411091
7.90441036
10.0625153
5.27739525
4.09737206
4.56631184
5.76674938
8.76948261
3.63236666
9.12311649
7.87228346
5.24696732
10.0331011
4.06515598
7.34835863
7.32460594
4.53749275
5.73927164
8.739501
5.21683693
9.09242058
7.84051418
10.0039244
4.0333271
7.31369877
4.50900173
8.70978832
3.5609901
5.18700504
9.06202221
7.80907249
9.97504616
4.00185585
2.62793899
4.48077917
7.27945566
3.52594256
8.68037319
2.83864141
5.15750027
9.0319519
7.77798891
3.97074223
9.94646549
6.05815649
4.4528842
7.24557018
2.80562043
3.49134207
7.58573437
8.65128613
5.9958992
5.12832403
3.94001603
7.74723291
9.00217915
9.91815376
4.42522764
7.21207237
2.77295709
8.62246704
5.09947538
3.90955806
7.7168045
8.97270393
9.89010906
5.9877634
2.74068117
3.42333317
7.17896223
5.07092476
8.59391689
3.87945771
7.68667459
8.94355774
5.95319271
2.70882249
3.38992476
5.04273176
7.14620972
8.56572342
3.8497448
10.1967154
9.83482552
7.65687227
8.91467953
6.62967587
5.91900921
2.67729163
3.35693359
5.01474762
7.11384392
8.53771019
3.8203299
9.80758667
7.62733841
8.88603973
2.6461482
5.88521385
3.32432985
4.98706102
3.79124284
8.51002312
7.08180666
7.59819126
8.85775661
2.61536241
5.85177517
3.29205394
8.48260498
7.05015659
7.56928349
8.82974243
6.5125823
2.58490443
4.93264198
3.26022506
5.81881428
6.52456284
8.45542526
7.01877499
7.54070282
8.80196667
3.228724
5.78615093
11.9123459
3.70585918
10.0584927
6.49034977
10.4248819
8.42857361
6.98781013
7.51239061
8.77445984
3.19761038
3.67802382
5.75390434
6.45649433
8.40192986
6.95717335
7.48437643
8.7472496
2.03859806
3.16682458
3.65045667
5.72198629
11.8515196
6.42305613
6.92683458
2.46655941
7.45666027
8.72027874
2.00584531
3.13642621
3.62318754
5.69045544
6.38997555
9.95871449
6.89685345
10.3226299
7.42918253
1.97350979
3.10635567
10.8689365
5.65928221
5.16960049
9.02906036
6.35728264
6.86714077
9.92613983
7.40203285
1.9415319
3.07658315
10.8380909
5.62843704
5.44473553
6.32497692
8.99490738
6.83781528
9.89392376
1.90997124
7.37512112
8.64091492
3.04719806
5.59794903
5.10162115
6.29302883
6.80875778
1.8787384
8.9610815
7.34847784
3.01814079
9.86203575
10.7773247
5.56775951
5.06818295
6.26140833
1.8479526
6.77999878
2.98938155
8.92767334
9.83053398
10.7473736
5.53792715
1.81740522
6.2301755
6.75153732
7.6456666
9.79927158
4.12815809
10.1594334
5.50839329
10.71772
1.78727508
5.00258827
6.19927025
6.72337437
3.82831693
8.86192894
9.76836681
7.61169195
2.57405639
5.47921658
10.1278124
10.688364
4.97034168
6.69553852
6.16872311
11.6194782
0.970751047
3.79407406
8.82956409
9.73781967
5.45036793
10.6592474
10.0964909
4.93848324
6.66797161
6.13850355
0.938266516
11.5916729
7.55929947
8.79758644
1.69897079
9.70754051
5.4218173
7.54484558
2.85035372
10.6304588
10.065526
4.90698242
6.64067268
0.906169415
6.10858202
4.07350063
5.39353466
8.76590633
9.67761898
7.51203299
8.22976208
10.6019678
4.87580872
10.0348892
0.874459743
6.61364174
6.07901812
5.36561012
8.73458385
9.64793587
7.47951889
0.8431077
10.5737152
4.84499359
6.58693886
10.00455
6.04975224
4.00626659
5.33795357
6.22150326
10.7254982
8.703619
9.61861038
0.81217289
7.44745159
6.5604744
4.81456518
10.5457602
6.02081394
9.97450924
3.97324562
10.1483164
5.31056499
0.781595707
10.6940269
8.67301178
9.58952332
7.41565228
6.53424835
4.78446484
10.5180149
5.99220371
1.55833364
8.12864304
9.94473648
3.59705091
5.28350449
0.75134635
9.5607338
8.64264393
4.75469208
7.38427067
10.4905968
5.96392155
3.56552005
9.9153223
8.09571171
3.90839577
5.25674248
6.85149431
6.48263073
4.72524738
9.53227234
10.6320381
8.61266232
7.35321617
5.93590736
10.4633865
3.53443623
9.88617516
3.87650728
5.23018837
8.78396606
3.32593918
4.69616032
9.50407982
8.58294964
10.6015205
3.05306911
5.90816116
7.32246017
10.4364452
3.50365043
3.84500623
9.85732651
5.20396233
8.03092098
4.66737175
9.47612572
5.88071346
8.55356407
10.5712709
7.29209185
3.47322226
3.8138926
5.17800426
9.8287468
7.99903297
6.75085163
4.63891029
9.44849873
5.85359335
8.52447701
9.98333073
3.44324112
7.26202106
10.5414095
5.15231514
3.78313661
9.80046368
7.96753168
4.61074734
6.71809912
5.82671165
9.42111015
3.4134686
8.49568844
7.23227882
10.5117855
3.75270844
9.77244949
7.93635845
4.58288193
6.68570423
5.80012798
2.02605128
3.38411331
9.39398956
8.46716785
7.20286369
3.72266769
9.37661552
10.48246
9.91976261
9.74473381
7.90551281
4.55534458
5.77384233
2.88555026
6.6536665
3.35505605
9.36713791
8.4390049
3.69295478
7.17374706
10.453433
9.71728516
4.52810526
7.87502527
5.7477951
2.85327435
3.32635641
6.62198639
9.34052467
8.58661556
3.66353989
8.41107941
7.14495754
10.4247332
9.69007587
4.50116396
7.84486532
5.72201633
3.2979846
9.31420898
6.59069443
3.63451242
8.38345337
8.55496502
7.11646652
10.3962421
9.82692814
9.66310501
4.47443104
5.69650555
7.81503296
3.26991081
2.7898252
3.60578299
6.55972958
8.35609436
7.08824396
8.52370262
10.3680191
4.44805622
9.63643169
9.79658985
5.67123318
3.24210525
7.7854991
6.02531433
3.57744098
9.26220417
6.52912235
8.32897377
7.06037903
8.49273777
4.42194939
10.3401546
9.6099968
9.76660824
3.21468711
7.94926262
2.72789598
7.75626278
3.54930758
9.23666382
6.49884319
8.30215263
7.03272247
4.39614058
8.4621315
10.3124676
9.58383083
3.18753719
2.69749761
9.73692513
3.52156162
7.727355
6.4688921
8.27562809
7.00542355
8.43182182
11.0245943
3.1607151
9.55787277
10.2851095
2.66742706
9.70750999
3.49408388
7.88298225
7.69874477
5.93239069
9.18611908
5.92598343
8.2493124
6.43929863
6.97836304
4.34523821
3.13416123
8.40184116
9.53218365
10.2580185
2.63774395
3.46693397
9.67842293
7.67043209
9.1612339
9.11524868
8.22329521
5.89364767
6.95160007
6.41000271
9.50676155
2.60832906
8.37218761
10.2311077
3.44011188
9.64963436
7.64241791
9.08413506
8.19748688
6.92510605
5.86169958
6.38103485
2.5793314
8.34283257
3.4135282
10.204524
10.9394493
9.62111378
7.61470222
8.17197609
6.89888
9.05337906
3.05619836
6.35239506
4.63262177
6.19468117
5.83007908
2.55063176
3.38727236
8.31380463
7.58725405
9.59289074
3.03074718
6.87292194
7.7548027
6.32402325
9.02292156
5.79887629
2.52228975
3.36128473
8.28504562
7.56007433
9.56493568
6.84723282
7.72365952
6.29597902
2.49424577
4.56690788
5.76797104
8.99282074
1.67962909
8.25661469
7.53319263
9.53724957
6.82175159
2.46652961
6.2682333
7.69287348
3.31011415
4.53466177
5.73745346
1.64917111
8.96301842
6.45804405
4.86189127
8.22845078
7.50660896
6.79656887
9.50986099
2.43911147
3.28496099
6.24078512
1.61904097
7.6624155
5.70729351
4.85083485
8.9335146
8.20061588
10.8028946
6.76035881
7.48026371
6.77165413
2.41205096
9.48277092
6.21363544
1.58929825
5.67743206
7.63222599
8.90433788
8.17304802
6.72832108
7.45412731
6.74694777
9.45586014
1.55988336
6.18675327
4.4401288
5.64795732
7.60245323
4.78667021
8.87545967
8.14575005
2.35876441
6.72247982
7.42834806
6.6966114
1.53085589
9.42924595
6.1601696
4.40934277
5.61875105
7.57294893
8.84687901
8.11874866
7.40277767
1.50212646
6.6652894
9.4029007
6.13379478
4.37891483
5.5899024
0.367552042
7.5437727
8.81859684
8.0919857
7.37747574
1.47378445
6.63426495
6.1077776
9.37679386
0.336945057
4.34884453
5.56138134
4.69318008
7.51489401
8.79055214
8.06552124
1.44574046
7.35241175
6.08199835
6.60368824
5.38310432
9.35095596
0.3066957
4.31913137
5.53318882
4.66275215
7.48634338
8.76286602
1.4180243
7.32758617
8.0392952
6.05648756
0.27680397
6.573349
9.32532501
4.28974628
5.50526381
4.63268185
7.45812035
1.39057636
8.73541832
7.30296993
8.01330757
3.43742967
0.247299671
6.03121519
9.29999352
6.54342747
4.26071882
5.47763729
4.60293865
7.4301362
7.27865124
8.7082386
7.98764801
0.218123198
6.00624084
5.64476871
6.51380444
4.23198938
5.45030832
5.64533472
4.57355404
7.40247965
8.68132687
0.189334154
7.96216726
5.98150492
0.849783421
6.48450851
4.20361757
5.42330742
4.54449654
7.37509155
0.160813332
7.93698406
8.65474319
5.95700741
0.8200109
4.17554379
6.45554066
5.3966341
4.5157671
7.348001
7.91203976
3.31363082
8.62833881
5.93274832
0.790536404
5.55109978
4.14779758
5.37019968
6.42690086
4.48736572
7.32117891
7.88733387
5.90872765
3.28361988
8.60223198
0.761449337
5.5205822
4.12034988
5.34400368
6.39852905
5.87007427
4.45929146
2.73770094
2.44349241
7.29465485
7.86283588
3.25390697
8.57639313
0.732719898
9.83312702
4.09322977
5.49045181
5.31813526
6.37051487
5.83916903
4.43151569
7.26839924
3.22458148
0.704318285
8.55079269
9.43931961
4.06634808
5.29250526
5.46064949
6.34276867
5.80868149
4.40403843
0.676244497
7.8146162
3.19558382
7.24238157
8.52543068
9.40871239
4.03982401
5.26717281
4.57355404
5.43117523
6.31535053
4.37688828
5.77846146
0.648528337
7.79080391
3.16697359
2.68918276
7.21666241
8.5003376
4.01356792
9.37849236
5.2421093
5.4020586
6.28820038
4.35003662
0.621080399
5.74862957
3.13866138
7.19118118
8.47545242
3.98761034
5.2172842
9.34857178
5.37323952
4.32345295
0.59401989
6.26134872
4.50518703
5.71912527
3.1106472
7.16593838
8.45083618
3.96195054
5.19272709
9.31894779
5.3447485
4.29719687
6.23479462
3.08299065
5.6899786
7.14099407
8.42642784
11.201561
3.93652916
5.16840839
4.27120924
9.28965187
5.31658554
6.2084794
3.05563211
5.66112995
7.11628819
8.40228844
3.9114058
5.14435768
4.24549007
5.28872013
6.18249178
9.26065445
3.02857161
4.4139328
5.63260937
7.0917902
9.61849117
3.88652086
4.22006845
5.26118279
6.15674257
2.1661818
3.00183892
9.23195457
7.06753159
5.60441589
3.86193395
7.3902607
5.09694195
6.70528412
4.19491529
5.23391342
6.13123178
2.97543406
9.20361328
4.35483456
7.04354048
3.83761525
5.57649136
7.35840225
9.56001854
4.17000055
5.20697212
2.10857391
2.94926763
6.10601902
4.32583714
2.44438648
7.01978779
3.81353498
9.17547989
5.54892445
4.14538383
2.92342901
2.08029151
10.473341
6.08107471
5.18032932
3.78969312
2.41538882
6.99621439
4.29713726
9.14767361
5.52165508
4.12103558
8.5709095
9.50276852
2.89785862
2.05233693
6.05636835
5.15395403
6.97290897
2.3868084
4.26879501
5.49468422
9.12013626
4.09692526
7.26506138
2.87255645
2.02468038
9.47457504
6.03193045
5.1279068
2.35849619
4.24075127
5.46798134
9.0928669
4.07305336
2.8476119
1.99738145
7.23466301
6.00773096
8.51178169
9.44665051
5.10206795
2.33057141
10.3926363
4.21300507
5.441576
4.04947996
9.06586647
2.82287598
1.97041035
5.98373985
5.07655716
7.20456219
8.48269463
9.41905403
2.30291486
10.366231
4.18564701
5.41546917
4.0260849
9.03916359
6.29600906
1.94370747
5.96007729
5.05128479
2.27561593
7.17484951
9.39169502
4.15852642
10.340065
5.38960075
2.77420878
8.87539959
9.01269913
1.91733241
5.93656301
5.02634048
2.24864483
1.08581781
7.14543438
9.36460495
8.4254446
4.13173437
5.3640604
2.75030732
2.91800499
1.89128518
8.98650265
5.9133172
5.00160456
2.22197175
1.05714798
4.10523987
9.33781242
7.11637735
8.39731121
5.33875847
1.86550617
2.89005041
7.46917725
8.96060467
4.97710705
2.19559669
1.02883577
4.07904387
9.31125832
7.08758831
5.31372452
8.36938667
1.84002519
2.86242366
7.43973255
8.93488503
2.16951966
1.00085139
4.95290756
6.17143536
4.05311584
5.28895855
9.28497314
7.05915689
8.34184837
10.2379322
2.83512473
7.41055584
2.14377046
0.97322464
8.90949345
4.9289465
6.14121532
3.50987911
4.02751541
5.26446104
9.25895596
7.0310235
2.80812383
10.2129879
8.31451988
0.945866108
2.11825967
4.90525341
7.38176727
8.88431072
3.48159671
6.11135387
4.00215387
6.15689182
5.24020195
2.78148055
9.23320675
7.00318813
8.28751945
0.918895006
2.09310651
4.88179922
8.85939598
7.35327625
3.45361233
3.97709012
6.08181953
5.21618128
2.75507569
9.2076664
0.892221928
6.97565079
2.06819177
8.26075649
4.85855341
8.83465958
7.32508278
3.42598557
3.95229459
5.19242859
6.05261326
2.72902846
0.865876675
9.18239403
6.94844151
4.83554602
8.23429203
8.81019211
1.69304013
7.29718781
3.92776728
3.39868665
5.16894436
2.70324945
6.02373505
0.839799643
9.15736008
4.81280708
6.92150021
8.20812607
8.78599262
3.90350819
3.37168574
7.26959133
5.14566898
2.67776847
0.814080238
5.99518394
9.13259411
6.89482689
8.18216801
8.76197243
3.87951732
3.34501266
5.12263203
7.2422924
2.65258551
5.96696138
9.10803699
6.86845207
8.15647888
3.85573506
3.31860781
5.09983301
2.62764096
7.21529102
5.93906641
2.10860372
9.0837183
6.8423748
8.13108635
3.83225083
8.71461678
3.29253078
5.07724285
2.60299444
7.18855858
6.69321442
5.9114399
2.08097696
9.05960846
10.3157158
3.80897522
6.81653595
8.10590363
8.69128132
3.26672196
1.90141797
2.57867575
0.228971243
7.16212368
2.05373764
5.88414097
9.03573608
3.78599763
6.79096603
8.08098888
3.24121118
2.55456567
0.201314688
7.13598728
2.02679634
5.85713959
9.01210308
6.76569366
5.31321764
3.21599841
8.05631256
2.53072381
0.173985958
7.11005926
2.00018287
5.3427515
3.7406981
5.83046675
3.19108367
2.50712037
6.74065971
0.146955252
5.28377295
8.03190422
1.97386742
7.0844593
5.80406189
0.120311975
3.16640735
6.71586418
8.00770569
1.94787979
7.05906773
5.77792549
2.46077776
0.0939369202
3.14202905
6.69133663
7.98374414
1.92219019
7.03400373
0.0678896904
3.11791897
5.75205708
6.66707754
7.9600215
5.60936356
5.19755459
1.89673901
7.0091486
0.0421702862
2.41541862
3.09404731
5.72648621
6.64305687
7.93653727
5.16948128
1.87167525
0.0167489052
6.98456192
3.07044387
5.70118427
6.61924458
7.91326141
1.84684992
5.14170551
6.96021318
3.04707885
10.0871029
5.67617989
6.59573078
7.89022446
1.8222928
3.88589501
5.11422729
3.02398205
6.93613291
10.0597744
5.65141439
2.67416239
6.57239532
7.86736584
1.79806352
3.85731459
5.08707762
3.00115347
6.91226101
5.62688732
10.032773
6.54929876
7.84477615
3.82906199
5.06025553
2.97853351
6.88865757
5.60265779
6.52644062
5.0337019
6.86526299
5.57869673
9.02745152
4.48766327
6.50382042
4.53063869
9.97954559
7.16012716
5.00750542
6.84210682
1.19480491
5.55494404
6.48140907
9.95328999
4.98154736
6.81918859
1.16887689
5.53143024
6.45920658
4.43002605
8.97279358
9.92733192
3.71930003
4.95585823
1.14321709
6.79647923
5.50818443
6.43724203
9.90161324
8.00085068
3.69262695
1.11788511
4.93046665
4.79614735
6.77397823
3.19510698
5.48517704
6.41548634
4.37375927
9.87610245
1.09282136
3.6662817
4.90537262
6.75174618
5.4623785
8.32816982
4.34613228
8.89289379
1.06808543
9.85091972
3.64023447
4.88051796
6.72966242
5.43981791
4.31880379
1.04358792
8.86678696
3.61451507
9.82591534
6.70784712
4.85596085
7.91767216
-0.130772591
5.41749573
6.98080635
5.06275892
8.27157497
3.45727801
1.01944804
4.29177284
3.58900428
8.84091854
4.83164215
-0.156760216
5.39538288
1.87096
0.1693964
0.995516777
4.26506996
-0.182420015
3.56385112
4.807621
8.81534767
9.77665138
5.3735075
7.86364079
0.143140554
8.21626186
4.23869514
-0.207781792
3.53899598
4.78383923
5.35184145
8.79001617
0.117182732
7.83708668
-0.232875347
6.89566135
4.21258831
8.18902206
3.51437926
4.76029491
3.72058153
5.33038378
0.0915229321
9.72828293
8.76495266
7.81077147
-0.257581472
4.18680906
6.86788559
3.49006057
4.73701954
0.066190958
9.70447063
8.74012756
7.7847538
-0.282078981
4.16129827
3.46598029
6.84043789
4.71398258
0.0411570072
8.13543797
9.6808672
8.71553993
-0.306248665
7.75900459
4.13605595
3.44216824
0.016450882
4.69118357
6.81334734
2.90283561
8.10906315
11.3041401
9.65747261
8.69116211
7.73352385
3.4186542
-0.0079870224
4.1111412
4.66862297
2.3894906
2.87660956
6.78646564
8.08298588
9.63425636
8.66708183
7.70834064
-0.0321567059
3.39534879
4.08646488
4.64627171
2.85068154
6.75991154
8.05711746
8.64317989
-0.0560283661
7.68333673
3.37234139
4.62418795
4.06205654
6.73365593
8.03160667
9.58853912
12.2059879
8.61954689
3.34954262
7.65863037
4.60228348
4.03797626
2.79968977
4.25043678
6.70769787
2.65046954
6.14577532
8.00627518
8.59615231
3.32701206
4.58067656
7.63419247
4.0140748
2.77462602
1.07005239
6.68194866
7.98121071
8.57293606
3.30471992
4.55921888
3.99053097
7.60996342
2.74986029
6.65652752
7.95644522
8.54995823
6.08968735
3.28266621
4.53799963
3.96716595
7.58597279
2.72542238
6.6313448
3.26085091
8.52715969
7.93185806
6.06217957
3.94406915
2.91258097
7.5622797
2.7012229
6.13960648
3.23927402
6.60645962
8.5046587
7.90759945
6.03488064
3.92121077
2.67729163
7.53876591
1.80789828
4.75898361
3.21790576
6.5818429
8.48227692
7.88354874
3.89865041
6.00796938
2.65365839
7.51549006
1.42627954
8.46016407
6.5574646
3.87626886
7.85970688
2.63026357
5.98135567
7.49245262
4.78464365
3.17585468
1.40160322
6.53332472
3.85415554
7.836133
2.60716677
7.46965408
1.37725472
3.83225083
6.50948286
2.58427858
7.81276798
1.70627236
5.92893362
7.44706392
1.35317445
3.81058455
6.48584938
2.56165862
7.78967142
1.68165565
7.42468262
5.90318441
1.32936239
2.53927708
4.62239981
6.46248436
3.44020128
5.05331135
7.7667532
1.65730715
7.40256882
4.96649742
5.87767363
1.84589624
1.30581856
6.68415451
3.76796722
2.51719356
6.43929863
9.94798565
1.63322687
7.74410343
7.38063431
5.85249043
1.28260255
3.74698639
2.49528885
1.60941482
6.41641045
4.56994772
7.72163296
7.35887909
1.25962496
5.82754612
4.9127636
8.57779408
2.47365236
1.58593059
6.39373064
4.54416847
7.69939995
7.33733177
1.23688579
5.8028698
4.88632917
3.70565057
2.4522543
5.32308197
1.56265497
6.37125969
4.51868773
7.67737627
1.21441483
7.31602287
5.7784915
4.86025238
1.53967738
6.3490572
7.65556097
4.49350452
1.1922121
5.75438118
4.83441353
1.51696801
8.49759579
6.32703304
7.63395405
4.46861982
7.27397203
2.3894012
5.73048019
4.80890274
1.49449706
8.47139931
6.30524731
7.61252642
4.44397354
7.25322962
5.70681667
1.47229433
6.57644844
4.78365993
6.28367043
0.595808029
7.23269558
4.41959476
1.45033002
5.68345165
4.75871563
6.2623024
0.57181716
8.41981125
4.39554453
1.42860413
5.66029549
4.73403931
6.24117279
0.548094511
3.82387638
4.37170267
5.63746691
4.23979759
4.70966101
6.22019196
0.524669886
5.86560345
4.34815884
8.36932659
5.6147871
4.68552113
0.501483679
7.76284933
4.32485342
8.34444141
5.59234619
0.4786551
4.6616497
6.1789155
4.30181599
8.31982517
5.57020283
0.456035137
4.63804626
6.15859032
1.32361054
4.27901745
3.72081995
4.50846577
2.89639831
8.29550648
0.433623791
5.54823875
4.61468124
1.30331516
9.61765671
4.25642729
3.6957562
-0.43451786
0.41154027
8.27133656
5.5265131
4.59161377
4.23413515
3.67105007
-0.458806753
0.389695168
8.24746513
5.50496578
4.56878567
8.97359848
4.21208143
3.64658237
9.57041931
-0.48276782
6.32789707
7.63186836
5.48365688
8.22383118
4.54616547
3.16178799
4.77814674
8.9485054
4.19020653
-0.506490469
3.62241268
1.56417489
9.54717445
5.46255684
7.60653591
8.20043659
4.52381372
4.16862965
8.92370987
-0.529885292
3.59851122
5.44169521
6.27601147
7.58144283
8.1772213
4.5017004
-0.55295229
4.14723158
8.89912224
3.57490778
5.42104244
4.47979546
8.15427303
6.25053024
7.55658722
-0.575810671
5.68085909
4.12607193
3.55148315
8.87483406
3.42828035
5.40056801
2.30523944
4.45815945
8.1315937
-0.598400831
6.22528791
7.53203011
4.1051507
3.52838635
8.85072327
5.38030243
9.45621681
2.28095055
4.43673134
-0.620692968
8.10906315
6.20034313
4.08443832
7.50774145
2.61431932
3.50555778
5.3602457
8.82688141
9.43401432
2.25695968
-0.642716885
4.41551208
8.08674049
4.06390429
6.17569685
7.48363113
6.89643621
3.48293781
5.34039736
8.80324841
2.23326683
-0.66447258
9.41202068
4.39453125
4.04363871
8.06468773
3.69587541
2.56544352
6.15125895
7.45981932
6.87047863
3.46061587
5.32072783
-0.685989857
2.20984221
8.77988338
9.39017487
4.37375927
4.02355194
8.04278278
6.12711906
7.43627548
3.43850255
6.84484863
2.186656
4.35319519
4.00367355
8.02114582
2.51773
6.10324764
3.41662765
7.41291046
6.81945705
2.16376781
4.33284044
5.5192709
8.73377895
3.98397446
7.99965858
2.49427557
3.39502096
6.07961416
7.38981342
6.79439306
2.14114785
4.31269407
3.96448374
8.71107006
7.97840977
2.47111917
3.3736527
6.05618954
7.36692524
2.11876631
4.29281616
6.76956749
8.68859863
5.46780205
7.95736885
2.44820118
3.35249305
6.0330925
7.34427547
2.09665298
4.27305698
6.74504042
8.6663065
5.44252968
2.42555141
7.93650723
3.33154202
2.07477808
6.01020432
7.32189417
4.25353622
6.72072172
8.64422321
5.41755581
2.40316987
4.49869061
3.3108592
2.0531714
4.23416519
5.98752499
7.2996912
6.69670105
5.86727238
8.62234879
2.38102674
1.02245808
5.39284945
3.2903254
2.03177333
5.96511364
7.27769756
6.6729188
2.35915184
8.60068226
3.27008963
5.36841154
2.01064348
5.94294071
7.25597143
1.11547112
2.33754516
6.64937496
3.25003266
8.57925415
5.3442421
1.98975205
5.9209466
7.23442459
1.09270215
2.31611729
3.23021412
6.62609959
8.55797577
4.50491905
1.96909904
5.32031059
1.28442049
1.0702312
5.89925051
7.21305609
2.29495764
3.21057439
8.53690529
6.60303211
1.94862485
5.29670715
1.04799867
5.87770367
7.19195604
3.19111347
2.27400661
1.92838907
8.5160141
6.58023357
5.27331257
1.02603436
4.34401608
5.85642433
7.17100525
2.25332379
1.90839171
8.49536037
6.55767345
5.25018597
1.00433826
5.83532429
7.15026283
3.15284729
2.2328496
1.88866258
6.53532124
0.982880592
5.22732735
9.32300091
5.8144927
7.12975883
4.29484272
2.21264362
10.3044806
6.51323795
0.961661339
5.20467758
5.79383945
2.19258666
7.10940361
4.2706728
0.940680504
6.49133301
5.18226624
2.17279792
5.77333546
7.08922768
4.24677134
0.91996789
6.46966696
3.42145562
2.15321779
5.16012287
10.7653141
5.75309992
1.81162357
7.06928968
5.04946709
4.2231679
0.899463892
7.30672455
6.44823933
5.1382184
5.73304272
4.19980288
6.42699003
2.11465359
5.11652231
5.71319485
7.02995062
4.17670631
0.307112932
6.40597916
5.69352531
5.09506464
7.01048946
4.15387726
3.59109044
7.60856247
3.69110703
9.17860889
10.5415878
10.1653633
0.28476119
6.38517761
5.6740942
5.07384539
4.13128757
9.15533257
0.262647867
6.36455441
5.6547823
5.05280495
4.10893536
0.240772963
9.13232613
10.1206598
6.34416962
10.6316805
5.63567877
5.03203297
4.08685207
0.219196081
6.32390404
9.10952663
5.61675453
10.0986061
5.01146889
10.6057529
3.96177173
4.06500721
0.197887421
3.49229574
6.303936
5.59800863
4.9910841
3.13213468
7.50485039
4.04340029
0.176817179
7.12871552
6.28408813
-1.0291934
8.45438194
10.0550947
9.06455517
4.97093773
7.47960806
0.155985355
4.02203178
7.10436726
3.44461203
6.51559258
-1.05154514
6.26447773
4.95097065
9.0424118
3.08614969
7.45466328
0.135391951
4.00087261
7.08031654
3.4212172
-1.07365847
6.24501705
4.93121147
4.23350906
3.06358933
8.40696716
0.115036964
7.42998695
3.97995114
-1.09541416
3.3980608
6.22579479
4.91166115
0.0949501991
8.99869156
8.38357162
3.95926833
7.40557909
-1.11696124
3.37517262
6.20669127
7.03293085
4.8922596
3.01915407
8.9771452
8.36047554
3.93879414
-1.1382699
6.18776703
3.35252285
4.87312698
7.00959587
2.99733877
8.95580673
8.33755684
-1.15925074
3.91852856
8.46803188
2.87929177
6.16905117
7.35744858
3.33017111
4.85417271
6.9865284
2.97573209
-1.18002295
8.93464661
6.38693571
3.8985014
8.31487751
-0.520557165
3.30805779
4.83533764
2.95439363
6.96367025
8.91369629
3.87868285
6.36205101
8.2924366
-0.54231286
4.81674099
3.28618288
7.31039047
2.93329358
6.94108009
3.85904312
8.89292336
-0.563800335
8.27020454
4.79829311
3.26454639
5.02890348
7.28723431
2.91243196
2.00197101
6.91869831
3.83964181
3.14891338
8.87236023
-0.585019588
8.24820995
4.78005409
3.24320793
2.89177895
7.26428604
1.97958946
8.36536312
3.82044911
6.89655542
-0.606000423
8.85194588
8.22639465
6.28915405
3.22204828
2.87139416
4.97910404
1.95744634
7.24160671
3.80140543
-0.626713037
6.87465096
8.83176899
8.20481777
6.26534224
3.20112705
2.85118818
1.93557143
4.95457649
3.78257036
-0.647187233
7.21913576
6.85295486
8.81171227
3.18047404
8.18342018
6.24182796
2.83122063
1.91396475
-0.66742301
3.41957808
3.76394391
1.80223584
7.19690323
6.83149719
8.29115486
3.16002965
8.16223049
2.81149149
6.21855259
-0.687360764
1.89256668
3.74552608
7.17490911
8.77219391
6.8102479
6.70683384
8.26698494
3.13979387
8.14124966
-0.707119703
2.79194117
5.25042439
1.87149644
4.88284206
7.15312386
6.78917789
-1.91527605
3.11979651
-0.726610422
2.77259946
8.12047768
3.70916724
1.85060501
7.26479292
6.17277622
4.85944748
7.13157654
-1.93625689
6.76834583
3.10000777
2.75349617
8.21930122
3.69125605
8.09985352
1.8299818
6.1502161
-1.9569397
7.11017847
5.33056259
4.83635044
6.74772263
3.08042765
2.7345717
1.80959702
8.07946968
8.19581795
5.1784811
6.12795353
7.08904839
4.8134923
6.72727823
3.06105614
2.71588564
1.78939104
8.05929279
6.10587025
7.06812763
4.79087257
3.04189324
6.70704269
2.6973784
1.76948309
8.03926563
8.14959431
5.13184071
6.08405495
3.02293897
0.512689352
7.16701126
7.04741478
6.6870451
4.76852036
1.74975395
8.01941776
8.12682533
5.10892296
6.06244802
3.00419331
0.491976738
2.66093016
7.02688122
6.66716671
4.74643707
1.73026323
7.99977779
3.80447507
8.10429478
6.04107952
5.08624315
2.98562646
0.471532345
6.64755726
7.00655556
1.71101093
4.72453213
7.11971521
3.78108025
2.62522697
0.45132637
2.96726823
8.08197212
6.01994991
5.06383181
1.69190764
6.62806606
6.98640919
4.70292568
7.09643936
7.96100521
10.0525017
2.6076436
0.431388617
2.94908881
5.99902868
8.05988884
5.04168892
1.67307258
6.60881424
6.96650124
4.68155766
7.07343197
7.94187164
3.73515487
0.411629677
2.93111801
1.65441632
5.97828627
8.03801441
5.01972437
6.58968067
6.94674253
4.66036797
7.05063343
0.392138958
2.91332603
3.71259451
1.63593888
8.38649273
5.95775223
6.57081604
4.99805832
8.01637745
6.92719221
1.057446
4.63941669
7.90414238
0.372856855
7.02807331
2.89571285
3.69030237
1.61769986
9.3595686
5.93745708
6.55204058
8.36425972
4.97660065
6.9078207
7.99491978
1.03703141
6.04838133
4.61873436
0.353813171
2.87824869
7.00575113
3.66821885
6.53347397
5.91737032
1.01679564
6.88862801
8.34223652
4.95538139
7.97367096
4.59825993
0.335007906
6.98366737
3.64643335
6.16362667
9.31727886
5.89746237
0.996828079
6.86964417
4.93437052
8.32051086
7.95266056
4.57799435
10.1913214
6.96179295
3.62488627
6.49690628
0.977069139
5.87776279
6.85077906
4.91359806
7.93179893
4.55790758
5.97900152
3.60354781
6.94012642
6.47881603
0.957578421
5.85827255
6.8321228
9.27573395
4.89303493
3.14992666
4.53805923
7.91120529
1.52942538
5.95635176
4.78818989
3.58247757
0.938236713
6.91872835
5.83896065
6.81364536
9.25526047
4.87273932
2.99876928
4.51844931
7.8907609
8.25646496
6.30173111
5.93397045
0.919193029
3.56164575
-0.31593442
6.89753914
5.81982708
9.23493481
4.85259295
4.49901819
7.87049532
8.23551369
5.91182709
0.900298357
-0.335991383
3.54102254
6.87652826
6.77719688
5.80093288
4.83268499
4.47979546
7.85043812
8.21477127
6.25607395
0.881671906
0.209003687
-0.355839729
5.88992214
3.52063775
5.78215694
6.85575581
1.7978549
3.42258811
4.81298542
4.46072197
2.93010473
7.83059025
8.19420815
0.86325407
-0.375419855
6.23357296
5.06493473
3.50049138
5.86825609
5.76359034
6.83519268
4.79349518
4.4418869
2.90775299
7.81089067
0.845044851
8.17388344
-0.39473176
6.21137047
3.48055363
5.84679842
5.7451725
6.81483746
4.77418327
4.42323112
2.88566947
7.79139996
-0.413835049
8.15370655
6.18937588
3.46082449
5.72699308
5.82557917
6.79466152
4.40478325
4.75507975
0.809192657
-0.432729721
2.86382437
7.77208805
8.13373947
3.44136357
6.16762066
5.70896244
5.80456829
4.84496355
6.77472353
4.38651466
4.73618507
-0.451415777
7.75292492
8.11392021
3.42202187
5.69108105
6.14607334
5.78379631
4.36842442
4.82293987
0.774115324
6.75493479
4.71743965
-0.469863415
7.73397064
2.82093883
8.09431076
3.40294838
5.67337894
6.12476444
0.756889582
-0.488102436
5.76320267
4.35054302
4.69890213
6.73535442
4.80115414
7.71516562
8.07487965
3.38405371
5.65585518
0.739842653
6.10369444
4.33278084
5.74287796
4.6805439
6.71592331
4.77963686
7.69653893
2.77900696
2.33787298
8.29657936
8.05562782
3.36536765
4.31522751
6.08283281
4.66239452
-1.08107924
5.72273159
6.69676065
4.7582984
4.16958332
7.67809153
2.75844336
8.03655434
5.62125444
3.34689021
-0.872612
4.29788208
4.64442348
6.06217957
5.7027936
6.67768717
4.73725796
7.65982246
8.01762962
3.32859159
4.28062677
-1.12122297
4.62663174
6.04173565
5.68306446
6.65888214
4.7164259
7.64170265
2.717942
3.31053138
7.99891376
4.26360989
-1.14095211
4.60901833
6.0215292
5.6635437
6.64019585
2.60946155
7.62370205
4.69577312
2.69803405
4.10044193
3.29259038
7.98031712
-1.16041303
4.24671173
6.85733557
4.59158421
6.62171841
6.00147247
5.64420223
4.6754179
2.67836452
3.274858
4.07785177
-1.17957592
5.90085983
1.40270591
4.57426929
6.60338974
5.62506914
5.98168373
2.6588738
4.65524197
3.25733423
-1.19856
1.38238072
4.55716228
6.5852108
5.60608482
5.96204376
3.23995948
2.6396513
4.63527441
-1.21730566
4.03362513
1.36229396
6.56726933
5.5873394
5.94264269
2.03987956
3.22279334
-1.2358129
2.62063742
4.61551571
4.52342606
4.01189899
1.34244561
6.54944801
5.56877232
-1.25414133
5.92339039
3.20580602
2.01877952
2.60177255
4.59599495
1.32280588
3.99038196
6.5318346
-1.27220154
5.55035496
3.1889081
5.90437651
2.5831759
1.99788809
4.57665348
1.30346417
3.9691329
6.5143404
3.1722784
5.5321455
5.8855114
2.56478786
1.97726488
4.55754995
6.7122879
1.28427148
3.94812226
3.15573812
5.51411533
2.54651904
5.86685562
4.53862572
1.2653172
-2.19967961
4.80109453
2.64033675
3.92732024
5.49623394
2.52854824
5.84834814
1.93679333
4.51987982
-2.21905112
1.24657154
3.90678644
5.47856092
2.51069665
5.83007908
1.91685557
7.39321136
-2.23818421
4.50131321
1.2280643
2.95329094
3.88646126
5.46100712
2.49308348
5.81190014
-2.25704908
1.89721584
1.20976567
4.48298454
2.93159485
3.86637449
5.44366264
2.47564912
-2.27570534
0.184834003
5.79395866
1.87778473
1.19164586
4.46477509
7.96458149
2.91010737
2.55617499
3.84646654
2.45839357
5.42646646
5.77616692
1.85853243
1.17376447
8.94537544
4.44680452
2.88891792
2.44128704
2.5357306
5.40947914
3.82679701
5.7585535
1.83954835
1.15606189
4.42898273
2.86796689
2.42441893
7.29784393
5.39258099
3.80736589
12.6171703
5.74111938
1.82074308
1.13859773
4.41136932
8.90362263
2.06997991
2.84725428
0.546693802
5.37589169
2.49558687
3.78811359
1.12125278
5.72383404
1.80220604
4.39396477
2.39118934
0.527232885
2.82678008
5.35929203
7.87821388
3.76906991
1.10417604
1.78384781
7.25170994
4.37667942
8.86270428
2.37476826
2.8065145
7.85720348
2.45633721
1.08727813
3.75026464
5.68976974
1.76566839
4.35957336
7.22900009
6.4907074
2.3585856
8.84252739
0.489085913
2.78651714
2.43702531
3.731668
5.67293167
1.74769759
4.3426156
2.34252214
0.470370054
6.46984577
8.82253075
1.05395913
2.7667284
3.98278236
2.41798162
1.72996521
5.65633202
3.71322036
4.3258667
0.451862812
6.44916296
2.74720788
2.39911675
1.71238184
3.69498134
4.30929661
7.79527426
0.433534384
6.42871857
8.78307247
2.72786617
1.69503689
2.3804605
3.67692113
4.29284573
7.77506828
0.415414572
7.14057684
1.67787075
6.40845299
2.70873308
8.76358128
2.36201286
3.65909934
4.27654362
7.75501156
0.397533178
2.61616707
1.66088343
2.68986821
2.34374404
8.74429893
6.38839626
3.64142656
4.2604208
7.73516273
0.379890203
1.64410472
5.75599098
2.67115235
2.32577324
3.6239326
7.0977211
8.72519588
6.36857748
1.73246861
5.92127419
0.36239624
7.71552324
1.62747502
9.7201767
2.30792165
2.65267491
5.73456287
3.60664725
8.70627213
6.34890795
1.71253085
0.345140696
-0.904172659
7.69606209
1.61099434
2.29027867
2.63437629
3.58951092
5.71334362
8.68749619
6.32950687
7.05575943
0.328093767
-0.922262669
7.67675018
2.27284431
2.61631608
3.5725534
8.66889954
1.673311
6.31022453
7.03510666
-0.604778528
-0.940144062
1.57865882
7.65764713
2.25558877
2.59843469
3.55580449
8.65045166
5.67162037
-0.623077154
-0.957876444
6.29118061
7.01463223
1.56274438
4.34011221
7.63872242
2.23848224
3.5392046
2.58076191
-0.975310802
-0.641226768
5.65108681
6.27231598
1.54697895
4.31913137
7.619977
2.22161412
3.52278352
2.56326795
-0.992536545
-0.659137964
6.25362968
5.63076115
6.97436905
4.29838896
2.20492482
7.60140991
3.50648165
2.54592299
-1.00961328
-0.676780939
1.59752369
6.23512268
5.61064482
6.95449114
2.18835473
3.49038839
4.27788496
7.58296251
2.52881646
-0.694274902
1.57913566
6.21682405
5.59076691
8.79272842
2.17202306
6.93485165
3.47444415
2.51188874
7.56475353
4.25758934
-0.711530447
1.56095624
6.1986742
9.15199471
2.1558702
5.57106733
4.95815277
3.45864892
2.49511003
6.91542053
-0.728547573
7.54669285
4.23753262
1.54298544
6.18070364
2.13983655
0.182837248
3.4430325
5.55157661
4.93681431
2.47853994
-0.745415688
6.89616776
7.52878189
4.21774387
1.52522326
3.61099839
2.12401152
6.16294146
5.09908772
2.46214867
-0.762075186
5.53232431
7.51101971
6.87703514
1.50766969
4.19807434
2.10833549
6.14529848
2.4459064
5.51325083
7.49343634
6.85817003
1.49026513
4.17870283
9.08097649
2.09277868
6.12783432
3.56787443
2.42987275
0.20813942
5.49435616
1.47309899
6.83948421
4.87413979
4.15951014
2.07743049
8.67864513
9.68968868
6.11051941
2.41395831
3.54668498
3.72061133
5.47566986
7.45874643
1.45611167
-1.72713399
6.82094669
4.14052582
2.39822268
6.09338284
0.172495842
5.38054085
1.43930316
5.45719242
-1.74462795
6.80258846
4.83348942
4.12175083
2.38263607
6.07642555
0.155001879
-1.7619431
1.42270327
7.42465258
5.43886423
6.78440952
4.8135519
4.10315418
2.36725807
6.05964661
0.137716532
-1.77904963
1.40625238
7.40784407
5.42074442
6.76640892
4.08482552
2.35199928
0.722378492
4.79376316
0.120639801
6.04295731
0.457674265
-1.79594755
1.39001012
3.99920344
3.46443057
8.59144306
5.40280342
6.74855709
7.58337975
4.06661606
4.7742424
0.103741884
6.02644682
1.37394667
3.44443321
5.38504124
6.73091412
4.04861546
0.087082386
4.75490093
0.422865152
6.01008511
1.35803223
7.358253
3.42467427
5.36742783
6.71341991
0.0705718994
4.03085327
0.405758619
5.99390268
4.73576784
1.3423264
5.34999371
3.40515375
0.0542700291
6.69607544
0.388860703
2.62755156
4.0132103
5.97780943
1.32679939
4.71681356
5.33276796
3.38587165
0.038176775
6.67884922
0.3721416
3.99577618
1.31139159
4.69812775
7.49650574
5.31569099
3.36679816
0.355660915
6.66186237
5.94615936
1.29616261
3.97852063
4.67959023
7.47537613
5.29876328
0.339329243
3.34790349
6.64496422
-0.920981169
1.28108263
3.9614737
4.66126204
5.28198481
0.323146582
2.37944722
1.26621127
-0.938057899
6.62827492
3.32921743
3.94457579
4.64311218
0.307202339
5.26541471
-0.954926014
6.61170483
2.35959888
3.3107698
3.92779708
4.62514162
8.42702389
0.291436911
5.24899387
-0.971585512
3.29250097
3.91128659
-0.0547468662
4.60740948
8.40735435
-0.988036394
5.23272133
2.32049823
3.89489532
3.27444077
7.39291286
4.58979607
-1.00430846
5.21659851
6.56288862
3.87868285
3.25658917
2.30130553
3.18169594
4.57242107
-1.02040172
5.20062447
8.36852169
3.8626194
3.2389462
4.84064198
7.35288858
-1.03628635
4.55516577
5.18479919
6.53108978
8.34938908
3.84670496
3.22145224
2.26360559
7.33318901
4.53811884
5.16915321
3.83096933
8.3304348
3.20416689
2.24506855
10.3562775
7.31369877
4.52122116
5.1535964
3.81538272
1.81415677
8.31165886
3.18706036
2.22671032
6.66898489
3.46019864
4.50450182
7.29435682
5.1382184
3.79997492
8.29306221
3.17013264
2.20862031
4.48796177
7.27522373
3.78471613
-1.69372559
3.15338373
8.27461433
2.19070911
4.47157001
3.76954675
-1.71086192
3.13684344
8.25634575
2.17300653
4.45535755
6.60732365
3.75458598
-1.72773004
7.2375536
3.12045217
2.15548277
8.23822594
4.43932438
5.23611927
-1.74444914
3.73968482
6.58723736
7.21895695
3.1042397
2.13819742
4.42340946
1.53183937
-1.76092982
6.56735897
7.20056915
3.08817625
2.12106109
8.20252323
4.40767384
-1.77720189
1.51267648
8.56450176
7.18233013
3.07229161
2.10416317
8.18488026
-1.79326534
4.39205742
1.4937222
3.05658579
7.16426945
2.08741426
2.36615539
-1.80914998
4.37659025
4.02015448
3.04102898
5.15669584
7.14635849
6.50885677
2.07087398
-1.8248558
4.36133146
8.15007114
1.1125803
8.51026154
3.02565098
-1.84035301
7.12865591
2.0545125
6.48972416
4.34616184
8.13290501
1.09496713
1.43826008
3.01042199
-1.8556416
2.03830004
7.1111021
5.11825085
5.47853088
6.47082901
4.33114147
2.99531221
2.02229619
7.09369755
5.09932613
4.31630039
5.45889139
6.45208359
1.40237808
2.98038125
2.00644135
4.301548
7.07647228
5.08064032
6.43357658
2.9655993
1.99079514
7.05942535
5.06213284
6.41521835
5.42029762
1.0266006
2.95093656
1.36730075
1.97529793
7.04249763
5.0437746
6.3970685
1.01003051
5.4012537
2.93651223
1.35007501
4.41414118
1.96000934
1.27717853
7.02571869
5.02568483
2.92211771
0.993609428
6.3790679
5.3824482
1.33305788
1.94481015
7.0091486
0.977367163
5.00771427
6.36124611
1.31624937
1.92981958
4.37465286
6.99263811
0.961363316
4.98998165
1.29961967
6.3436327
5.34546375
1.91494823
4.35528183
6.97636604
-2.58019567
0.945478678
1.28316879
4.97239828
1.90028548
6.32613897
8.54688835
3.01840901
5.32722473
-2.59587169
6.96018314
-0.0786483288
0.929832458
1.26689672
1.88571215
4.95502377
6.30885363
5.30922413
6.94417953
0.914335251
1.25083327
1.87134743
4.93779755
6.29171753
5.29134274
8.5036459
6.92826509
0.899046659
4.29838896
1.85710192
1.23491883
4.92078066
6.27472973
5.27369976
2.96023488
0.883847475
6.91252947
4.27982235
1.84300542
1.21921301
4.90391254
6.25792122
5.25620556
2.94131041
0.868886709
6.89691305
1.82905793
1.203686
4.26152325
4.88722324
6.241292
3.48198414
5.23889065
0.854045153
3.2761693
2.92259455
1.188308
4.24334431
4.87068272
6.22478104
0.839442015
-0.110089779
5.22178411
3.2569468
2.90411711
1.17316842
4.22540283
4.85429192
6.20844936
-0.125825405
5.20479679
2.88578868
3.23796272
1.15811825
4.20764065
4.83813858
0.810563564
6.19220734
-0.141382217
5.18801785
7.75361061
1.14327669
2.86775827
3.21918726
4.19005775
0.796407461
6.36410713
4.82204533
6.17620373
-0.156730413
1.12855434
5.17138863
3.76334786
2.84987688
7.73185492
3.20062041
4.17271233
0.782370567
4.80616093
-0.1719594
6.16031885
1.11401081
5.1549077
2.83223391
3.18229198
4.15551662
-0.186979771
4.79048491
6.14455318
1.09964609
5.13860607
2.81476974
3.16414237
-0.201821327
4.13849926
4.77489853
6.12896681
-1.47426128
1.08543038
5.12248278
2.7974844
0.74121356
3.14623117
1.83311105
-0.216454268
2.38493085
4.75946045
4.12166119
-1.48972869
1.07136369
5.10647869
6.65071583
2.78040767
3.12849879
4.04563522
1.81472301
4.74414253
8.942276
-1.50501728
4.10497189
6.09818077
7.64712715
5.09068394
-0.245332718
2.76353955
3.11097503
-1.52015686
1.7966032
4.72900295
1.04367733
6.08295202
4.08849144
7.6264739
5.07497787
2.74682045
-1.53511763
3.09363008
4.71404171
1.7786324
4.07218933
5.05948067
2.73030996
-1.54983997
4.69920063
3.07649374
1.76092982
4.05603647
2.66432762
5.0440731
-1.56438351
2.71397829
4.68450785
3.05953622
4.04006243
-0.9072721
5.02887344
2.69782543
7.56585598
4.66990471
3.04278731
1.72612071
4.02423763
8.20538425
8.8537035
5.0137639
2.68185139
4.65548038
3.02618742
1.70901418
4.00856113
8.29255581
4.99880314
2.66602635
4.64117527
-0.953227282
3.00979614
1.69211626
3.99306417
11.1122427
8.8193121
4.98402119
2.94467807
6.13695383
4.62701893
2.65040994
6.50388002
-0.968158245
2.99358368
1.67542696
3.97771597
4.96935844
4.61298227
2.63491273
6.11764193
-0.982940197
2.97755003
3.96251678
1.65888667
4.95478535
2.61962414
-0.997513533
2.96163559
3.94752622
1.642555
4.94039059
7.46881962
8.1151123
-1.01193786
2.60445476
1.02218986
6.07961416
3.93259525
2.94595957
1.62646174
4.92614508
7.44998455
-1.02615356
2.58949399
1.00407004
3.22598219
3.91787291
2.93040276
1.6104579
-2.29638815
6.06086826
7.53945112
2.57468224
8.08009529
7.4313283
3.90323997
-2.31128931
2.91502476
1.59469247
4.89801168
6.0423317
6.40559196
2.56001949
3.88878584
2.89982557
1.57913566
6.02400303
6.38657808
2.54547596
8.04576302
3.87445092
2.8847158
1.56369805
1.84863806
6.00585365
2.53111124
5.00357151
3.86029482
7.37646198
2.86984444
1.54843926
2.51689553
5.98788261
3.84625793
0.916868448
2.85512209
1.53338909
7.35855103
2.50285864
5.97009087
3.83237004
2.84054875
1.51845813
9.39029503
7.34075928
2.48888135
5.95247746
3.81857157
4.94769192
2.82609463
1.50370598
6.3123703
7.32314587
2.47511268
0.481396914
3.80495191
5.9350729
2.81178951
1.48913264
4.92948294
6.29428005
7.30574131
2.46149302
3.79139185
5.91781712
2.79766321
1.47473812
0.8507967
7.94631243
2.44799256
7.28845596
3.91316414
2.78368592
1.46046281
5.90074062
7.93021917
4.89363098
2.43458152
6.25863647
7.27134943
3.89444828
2.76979804
1.44633651
5.8838129
7.91427517
2.42134929
6.24111271
7.25439167
0.757694244
2.75608897
1.43235922
6.32801628
0.803291798
5.86709404
2.40823627
9.29129124
4.85855341
6.22373819
7.23758316
2.74249911
1.41856074
3.8574934
0.787824392
5.85049391
7.22095394
2.72905827
1.40491128
0.772535801
5.83407307
4.82419109
2.71573663
6.18952513
1.39138103
7.20447302
0.757426023
5.81780052
2.702564
4.80732346
1.37802958
6.17265701
7.18814135
0.74249506
3.80367041
5.80173731
2.68948078
1.36479735
4.79057407
7.17195892
6.15593815
0.72774291
7.82141113
5.78576326
1.35171413
4.77400398
4.360497
7.1559248
6.13942719
0.71310997
7.80639076
3.76877189
5.76996803
4.12279367
4.75761318
7.14001083
0.698685646
6.12303638
7.87293911
1.32590532
5.75435162
3.75163555
4.10494232
4.74143028
0.684410334
7.12424517
6.10679388
7.85589218
1.31317973
7.20182037
2.75418162
5.73882484
4.08732891
0.670343637
4.72536659
7.10862875
2.97167897
6.09076023
7.83896446
5.72347641
2.73627043
3.71786952
-0.637799501
0.656366348
7.09313154
4.70948219
6.07484579
6.15274906
4.64639091
5.70824718
7.1657896
-0.652223825
3.70123982
0.642597675
7.07781315
4.69374657
6.05908012
7.80558586
5.69319725
-0.666439533
0.628948212
3.68484855
7.06255436
8.16658115
4.03559208
4.67818975
6.04346371
7.78910542
-0.680506229
5.67823648
9.18823433
0.61544776
1.59245729
2.68372893
3.66860628
7.04750443
4.66272259
8.14953423
4.01875401
6.02799654
-0.0174045563
-0.694423914
7.77280331
3.25480103
5.66348457
0.602126122
7.11306953
3.65254283
7.03251362
4.64749336
4.0020647
-0.0324249268
6.01264858
-0.708162785
11.4678745
7.75665045
0.588923693
5.64882183
4.71100235
2.64969468
3.63662839
7.01773167
4.63235378
-0.047236681
5.99747896
3.98555398
-0.721752644
0.575900078
5.6342783
6.06238842
3.62089276
2.63297558
7.00303936
4.61739302
-0.0618994236
-0.735163689
5.98242855
3.96922231
5.6199131
7.7247324
4.67556715
3.60536575
2.61643529
7.0618391
-0.07635355
4.60258102
-0.748425722
5.96749783
10.5255842
3.95306945
5.60566807
7.70896673
3.58995795
3.53884697
2.60010362
-0.0906586647
-0.761508942
4.58785915
7.0450902
0.537633896
5.95274544
3.9370954
5.59151173
7.69332027
3.57469916
-0.104784966
2.58392096
4.64090729
4.57334518
0.52511692
6.01038361
7.0284605
5.93811274
3.92127037
7.67785311
-0.118762255
3.55964899
0.512808561
4.55898046
5.92359924
7.01200962
5.99336624
5.56364632
3.90562415
-0.799924135
-0.13256073
0.500530005
3.54471803
4.54470539
2.55218148
5.90923405
4.60699177
6.99570751
5.97652817
2.15387344
3.89012694
-0.146180391
3.52996588
4.53057861
2.53656507
5.89498901
4.5902729
6.97958469
5.53622818
5.95986843
8.00260925
3.87483835
3.82381678
-0.824809074
-0.159680843
-1.45113468
3.51533294
4.516572
2.52109766
5.88083267
8.18371773
4.57376242
6.96358109
5.94338799
7.98699284
3.85960937
-0.172972679
1.88243389
-1.46511197
3.50084901
4.50274372
5.86685562
2.50583887
3.91981006
6.94772625
4.55743074
5.92705631
3.8446188
-0.186175108
-1.47891045
1.86544657
3.48654389
4.48903465
2.4907589
0.778734684
6.93202019
4.54124832
3.82974744
-0.199198723
5.91087341
-1.49255991
1.84869766
2.43601203
4.47541475
3.47235799
2.54750252
2.47579813
5.25072193
6.91646338
4.52524424
3.81505489
5.8948698
-1.50603056
4.4619441
3.4583509
4.10971069
2.46101618
6.90105534
-1.5193522
3.80051136
4.5093894
5.87898493
4.4486227
3.44443321
1.81573629
2.44641304
-1.53249502
6.88573742
3.78608704
4.49371338
5.86327934
4.43539047
3.43072414
2.43195891
-1.54548883
5.19949198
6.8705678
3.77184153
1.05789304
4.47818661
5.84772205
4.42230701
3.41707468
-2.82660127
2.417624
-1.55830383
3.75768542
6.85554743
5.18274307
4.46283817
4.40928364
5.83231449
3.81585956
3.40360403
-2.84016132
-0.274270773
2.40346789
-2.51710415
3.74370813
6.84070587
5.16617298
0.788658857
4.44763899
5.81702614
3.39025259
-2.85351276
3.79922986
1.75213814
2.3894906
-2.53105164
3.72985005
6.82595348
5.14981174
-2.8667748
4.43258858
3.37702036
5.80191612
1.73670053
2.37563252
-2.5447607
3.71617079
6.81129074
-2.87982821
2.42638588
3.36393714
4.41765785
5.13356924
5.78692532
-2.55835056
2.36192346
3.70258093
6.79680729
3.35100293
2.40987539
4.40290546
0.73876977
5.77208424
5.11753559
-2.57173181
3.75032425
2.3483634
1.70633197
3.68914008
6.78244209
3.33815813
2.39354372
4.38833237
5.75739145
-2.58493423
5.10165119
2.33495235
3.73440981
1.69143081
4.68406105
3.67581844
6.76816702
3.32543254
0.367343426
-2.59798765
4.37384844
2.37745047
5.74281788
0.706553459
5.08591557
2.32169032
1.67667866
3.71864438
3.07628512
3.66267562
3.31282616
-2.61089206
4.35954332
5.72839355
2.36150622
0.690728426
2.3085475
5.07035828
1.66207552
3.70305777
3.6495924
3.05905938
6.74003363
-2.62361765
4.34535742
5.71405888
0.675082207
2.29555368
2.3457408
5.05492115
1.647681
3.68762016
3.63665819
3.28800082
6.72611618
-2.63616443
4.33129072
5.69993258
2.28261948
0.659674406
2.33018398
5.03963232
1.63343549
3.62384319
3.67236137
3.02520394
4.31740284
2.26992369
5.68589592
0.644415617
1.61930919
5.02452278
3.61117721
3.6572516
3.00851464
7.21979141
2.2572875
4.30363417
5.67191839
0.629365444
1.6053915
3.59863043
5.00956154
6.68516731
0.245183706
3.64232063
0.278830528
2.24480033
